5 5 1 1 1 25 25 25 25 1 1 1 5 389 389 128 53 309 1 1 25 25 24 16 25 25 5 29 405 389 128 128 285 61 53 537 25 25 25 25 16 29 413 413 388 128 128 128 1015 61 285 25 797 797 25 541 25 924 132 128 128 128 128 128 830 21 925 796 797 829 25 25 16 157 445 128 128 128 128 128 927 318 1023 796 796 797 25 29 16 16 413 128 128 128 128 128 413 444 476 24 24 24 16 16 16 16 412 128 128 128 128 128 128 128 413 16 24 24 16 16 16 16 412 128 128 128 128 128 128 404 156 16 16 24 16 16 16 16 413 128 128 128 128 128 15 30 Harry Potter
1 1 16 16 16 17 16 16 16 20 61 541 1023 20 1 1 1 1 24 16 17 29 21 16 16 148 133 909 1023 511 1 1 1 1 24 16 25 25 24 25 16 245 500 245 959 16 1 1 1 1 24 16 17 25 25 25 25 1023 245 453 246 16 1 1 1 1 28 16 17 17 25 25 25 29 511 255 245 17 1 1 1 1 28 16 25 25 25 1 25 25 17 17 17 16 1 1 1 1 29 21 17 29 125 21 121 17 16 16 16 16 1 1 1 1 31 17 25 31 127 17 63 23 55 55 310 54 1 1 1 1 29 117 120 25 17 17 31 23 95 159 55 55 1 1 28 30 Star Wars
1 1 24 16 16 16 28 20 31 20 21 541 1023 53 1 1 1 1 24 16 16 16 412 501 255 247 20 541 991 501 1 1 1 1 24 16 17 24 509 501 244 471 17 17 927 16 1 1 1 1 24 16 17 17 1023 1023 471 181 25 25 25 16 1 1 1 1 24 16 17 25 413 503 1023 223 25 29 25 16 1 1 1 1 24 16 16 16 16 16 17 17 25 25 25 16 1 1 1 1 25 29 16 17 17 16 25 25 17 25 17 17 1 1 1 1 29 639 17 17 29 53 31 31 63 63 279 23 1 1 1 1 24 25 17 17 17 17 23 23 55 63 55 55 1 1 52 30 Star Wars
1 1 24 16 16 16 20 20 20 16 20 541 1023 52 1 1 1 1 24 16 16 16 404 413 214 150 16 541 1023 245 1 1 1 1 24 16 16 20 244 500 500 148 16 17 927 16 1 1 1 1 24 16 16 20 1023 407 389 156 16 16 16 16 1 1 1 1 24 16 16 156 149 245 959 53 16 24 25 16 1 1 1 1 24 16 16 16 16 16 17 17 17 25 17 16 1 1 1 1 28 29 16 17 17 16 17 17 17 25 25 16 1 1 1 1 573 63 17 17 21 17 31 31 55 23 311 22 1 1 1 1 24 17 17 17 17 17 23 23 63 31 55 23 1 1 53 30 Star Wars
1 1 24 16 16 16 20 20 20 16 16 541 1023 48 1 1 1 1 24 16 16 20 404 158 150 20 16 541 959 245 1 1 1 1 24 16 16 20 436 500 244 20 16 17 927 16 1 1 1 1 24 16 16 31 487 439 388 20 24 16 16 16 1 1 1 1 24 16 16 156 149 245 989 21 16 16 17 16 1 1 1 1 24 16 16 16 16 16 17 16 16 24 25 16 1 1 1 1 29 16 17 17 17 16 17 17 17 25 25 16 1 1 1 1 63 61 17 17 21 17 119 31 55 31 319 22 1 1 1 1 25 17 17 17 17 17 23 23 55 319 55 23 1 1 54 30 Star Wars
1 1 24 16 20 20 20 20 22 16 20 541 1023 49 1 1 1 1 24 16 16 148 404 253 182 20 16 541 991 245 1 1 1 1 24 16 16 181 502 500 246 16 16 17 927 16 1 1 1 1 24 17 16 503 391 471 148 16 16 16 16 16 1 1 1 1 24 16 17 149 149 253 1023 17 16 16 16 16 1 1 1 1 24 16 16 16 16 17 17 17 16 24 25 17 1 1 1 1 29 16 17 17 17 16 17 17 17 25 25 17 1 1 1 1 575 17 17 17 29 17 63 55 55 63 63 22 1 1 1 1 25 17 17 17 17 17 23 23 63 319 119 23 1 1 55 30 Star Wars
1 1 24 16 16 20 20 30 20 16 16 541 1023 49 1 1 1 1 24 16 16 156 468 157 246 20 16 29 1023 117 1 1 1 1 24 16 16 503 501 244 246 16 16 17 479 16 1 1 1 1 24 17 16 511 407 471 150 16 16 16 16 16 1 1 1 1 24 16 17 189 215 1023 247 17 16 16 16 16 1 1 1 1 24 16 16 17 16 17 17 17 16 24 24 16 1 1 1 1 31 16 17 17 16 17 17 17 17 25 25 17 1 1 1 1 575 17 17 21 21 17 55 23 55 23 63 375 1 1 1 1 25 17 17 17 17 17 23 23 55 63 311 55 1 1 56 30 Star Wars
1 1 24 16 16 20 20 22 20 16 16 541 1023 49 1 1 1 1 24 16 16 148 405 133 180 16 16 29 991 245 1 1 1 1 24 16 16 244 436 246 244 16 16 17 479 16 1 1 1 1 24 16 16 191 471 389 181 16 16 16 16 16 1 1 1 1 24 17 21 149 247 509 149 17 16 16 16 16 1 1 1 1 24 16 16 16 16 16 17 16 16 16 16 16 1 1 1 1 29 16 17 17 16 16 16 17 17 24 24 17 1 1 1 1 543 17 17 21 21 17 23 23 55 23 319 311 1 1 1 1 25 17 17 17 17 17 23 27 55 63 319 55 1 1 57 30 Star Wars
1 1 24 16 16 20 21 22 20 16 16 61 1023 53 1 1 1 1 24 16 20 404 149 244 148 16 16 29 1023 373 1 1 1 1 24 16 16 244 501 244 148 16 16 17 479 16 1 1 1 1 24 16 20 471 439 391 247 16 16 16 16 16 1 1 1 1 24 17 21 149 247 511 85 17 16 16 16 16 1 1 1 1 24 16 16 16 16 17 17 16 16 16 16 16 1 1 1 1 29 16 17 17 16 16 16 17 17 24 24 17 1 1 1 1 543 17 17 21 17 17 55 55 55 23 319 23 1 1 1 1 25 17 17 17 17 17 23 23 55 191 439 63 1 1 58 30 Star Wars
1 1 24 16 28 28 127 55 16 17 16 637 1023 117 1 1 1 1 24 16 21 404 501 246 53 16 16 29 1023 373 1 1 1 1 24 17 61 503 501 246 21 17 16 17 991 16 1 1 1 1 25 17 53 991 1015 455 117 17 16 16 16 16 1 1 1 1 24 17 157 151 255 1023 21 17 16 16 16 16 1 1 1 1 24 17 16 16 17 17 17 16 16 16 16 16 1 1 1 1 25 17 17 49 17 16 16 17 17 24 25 17 1 1 1 1 543 17 17 29 17 17 63 31 55 55 319 55 1 1 1 1 25 17 17 17 17 17 31 23 55 55 95 63 1 1 59 30 Star Wars
1 1 24 16 20 28 29 52 16 20 16 637 1023 117 1 1 1 1 24 16 20 388 133 244 20 16 16 125 1023 509 1 1 1 1 24 16 246 501 501 246 16 16 16 17 991 16 1 1 1 1 24 24 191 903 439 439 20 16 16 16 16 16 1 1 1 1 24 17 149 151 253 255 21 17 16 16 16 16 1 1 1 1 24 16 16 16 17 17 17 16 16 16 16 16 1 1 1 1 24 17 17 17 16 16 17 17 17 24 25 17 1 1 1 1 29 25 17 21 17 17 31 31 55 63 319 55 1 1 1 1 25 17 17 17 17 17 23 23 63 55 31 55 1 1 60 30 Star Wars
1 1 24 16 20 28 63 116 16 20 16 637 1023 117 1 1 1 1 24 16 20 132 133 212 20 16 16 125 959 381 1 1 1 1 24 16 149 485 501 246 16 16 16 17 991 16 1 1 1 1 24 16 415 391 437 437 16 16 16 16 16 16 1 1 1 1 24 17 183 151 253 191 17 17 16 16 16 16 1 1 1 1 24 16 16 16 17 17 17 16 16 16 16 16 1 1 1 1 24 17 17 17 16 16 17 17 17 24 25 17 1 1 1 1 29 17 17 21 17 17 31 31 55 55 63 310 1 1 1 1 25 17 17 17 17 17 23 31 63 55 159 55 1 1 61 30 Star Wars
1 1 24 28 28 28 95 54 20 21 16 637 1023 53 1 1 1 1 24 16 149 132 133 213 21 16 16 125 1023 245 1 1 1 1 24 24 255 389 503 245 20 16 16 17 991 16 1 1 1 1 25 16 503 455 471 247 17 16 16 16 16 16 1 1 1 1 25 17 149 151 255 1023 17 17 16 16 16 16 1 1 1 1 24 16 16 17 17 17 17 16 16 24 16 16 1 1 1 1 24 17 17 17 17 17 17 17 25 25 17 17 1 1 1 1 25 17 17 21 17 17 31 31 31 63 55 54 1 1 1 1 25 17 17 17 17 17 23 23 55 23 191 55 1 1 62 30 Star Wars
1 1 24 28 28 30 63 246 21 21 16 637 1023 53 1 1 1 1 24 16 157 132 133 245 20 16 16 125 1023 373 1 1 1 1 25 24 447 389 246 247 16 16 16 17 991 16 1 1 1 1 25 16 1023 471 471 247 16 16 16 16 16 16 1 1 1 1 25 17 149 439 1023 247 17 17 16 16 16 16 1 1 1 1 24 16 17 17 17 17 17 16 24 17 17 16 1 1 1 1 24 17 17 17 17 17 17 17 25 25 17 16 1 1 1 1 25 17 21 21 17 17 31 31 31 55 54 182 1 1 1 1 25 17 17 17 17 17 31 23 63 55 183 55 1 1 63 30 Star Wars
1 1 24 28 28 30 63 118 21 20 16 637 1023 53 1 1 1 1 24 16 148 452 133 244 20 16 16 125 1023 375 1 1 1 1 25 25 447 389 246 246 16 17 16 17 991 16 1 1 1 1 29 17 1023 471 503 245 16 17 16 16 16 16 1 1 1 1 25 17 157 151 255 247 17 17 16 16 16 16 1 1 1 1 24 16 16 17 17 16 17 24 25 17 16 16 1 1 1 1 24 17 17 17 16 17 17 17 25 17 16 16 1 1 1 1 25 17 21 21 17 17 23 31 31 23 62 182 1 1 1 1 25 17 17 17 17 17 23 23 55 287 191 63 1 1 64 30 Star Wars
1 1 24 28 60 23 63 55 21 16 16 637 1023 53 1 1 1 1 25 16 413 453 503 247 21 16 16 125 959 245 1 1 1 1 25 25 511 405 246 255 17 16 16 17 991 16 1 1 1 1 25 17 1023 1023 503 247 24 16 16 16 16 16 1 1 1 1 29 25 413 503 511 255 17 17 16 16 16 16 1 1 1 1 24 16 17 17 17 17 16 24 25 17 16 16 1 1 1 1 24 17 17 17 17 17 17 25 25 17 16 16 1 1 1 1 25 17 21 21 17 17 31 31 31 55 54 310 1 1 1 1 25 17 17 17 17 17 23 23 55 23 439 55 1 1 65 30 Star Wars
1 1 24 28 60 31 63 117 21 17 16 637 1023 117 1 1 1 1 25 17 405 455 511 247 21 16 16 125 1023 245 1 1 1 1 25 25 511 469 247 247 17 16 16 17 991 16 1 1 1 1 29 17 1023 503 503 247 17 17 16 16 16 16 1 1 1 1 25 25 413 503 511 247 17 25 17 17 16 16 1 1 1 1 24 17 17 17 17 17 24 24 17 25 16 16 1 1 1 1 25 17 17 17 17 17 17 25 25 17 16 16 1 1 1 1 25 17 21 21 17 17 31 31 31 23 62 310 1 1 1 1 25 17 17 17 17 17 23 23 55 23 55 55 1 1 66 30 Star Wars
1 1 24 28 28 31 31 53 21 17 16 637 1023 117 1 1 1 1 25 17 445 439 1023 247 21 16 16 125 1023 181 1 1 1 1 25 25 447 469 247 247 17 16 16 17 991 16 1 1 1 1 25 17 1023 1023 503 247 17 17 16 16 16 16 1 1 1 1 29 25 445 183 511 247 25 25 17 16 16 16 1 1 1 1 24 16 16 16 17 16 24 24 17 16 16 16 1 1 1 1 25 17 17 17 17 17 25 25 25 16 16 16 1 1 1 1 25 17 29 21 17 17 23 31 63 54 54 182 1 1 1 1 25 17 17 17 17 17 23 23 55 127 511 55 1 1 67 30 Star Wars
1 1 24 28 29 29 31 21 21 17 17 637 1023 117 1 1 1 1 25 25 405 439 511 247 21 16 16 125 1023 381 1 1 1 1 25 25 511 437 247 247 17 16 16 17 991 16 1 1 1 1 29 17 1023 1023 503 247 17 17 16 16 16 16 1 1 1 1 29 25 413 247 1023 247 25 25 16 16 16 16 1 1 1 1 24 17 16 16 17 17 25 25 17 16 16 16 1 1 1 1 25 17 17 17 17 17 25 25 25 16 16 17 1 1 1 1 25 17 21 21 17 17 31 63 31 22 62 150 1 1 1 1 25 17 17 17 17 17 23 23 55 255 63 55 1 1 68 30 Star Wars
1 1 24 28 29 29 31 21 21 17 17 637 1023 117 1 1 1 1 25 25 415 503 767 247 21 16 17 61 1023 245 1 1 1 1 25 25 159 501 247 247 17 16 16 17 991 16 1 1 1 1 25 17 1023 991 503 247 17 17 16 16 16 16 1 1 1 1 29 25 445 503 511 223 25 25 16 16 16 16 1 1 1 1 24 17 16 17 17 25 25 25 17 16 16 16 1 1 1 1 25 17 17 17 17 17 25 25 17 16 16 17 1 1 1 1 25 17 29 29 17 17 31 31 55 318 62 182 1 1 1 1 25 17 17 17 17 17 23 23 55 183 55 63 1 1 69 30 Star Wars
1 1 24 28 29 29 63 21 21 17 17 637 1023 117 1 1 1 1 25 25 413 503 255 247 21 16 17 61 1023 245 1 1 1 1 25 25 159 501 247 247 17 16 16 17 991 16 1 1 1 1 25 17 1023 1023 503 255 25 17 16 16 16 16 1 1 1 1 29 17 445 247 511 221 25 17 16 16 16 16 1 1 1 1 24 17 16 17 17 25 25 25 16 16 16 16 1 1 1 1 24 17 17 17 17 25 25 25 17 16 16 17 1 1 1 1 25 17 29 29 17 25 31 31 31 22 62 182 1 1 1 1 25 17 17 17 17 17 23 23 55 319 55 63 1 1 70 30 Star Wars
1 1 24 28 61 29 63 21 21 16 17 637 1023 117 1 1 1 1 25 25 415 439 1023 247 21 16 17 61 1023 245 1 1 1 1 25 25 415 501 247 255 25 16 16 17 1023 16 1 1 1 1 29 17 1015 1023 503 509 25 17 16 16 16 16 1 1 1 1 29 17 445 247 255 29 25 17 16 16 16 16 1 1 1 1 24 16 16 16 25 25 25 25 16 16 16 16 1 1 1 1 24 17 17 17 17 25 25 25 17 16 16 16 1 1 1 1 25 17 29 61 17 25 63 31 54 406 62 22 1 1 1 1 25 17 17 17 17 17 23 23 63 191 183 63 1 1 71 30 Star Wars
