1 1 28 20 16 17 17 17 16 16 16 541 1023 116 1 1 1 1 24 16 17 16 17 16 16 17 16 541 1023 247 1 1 1 1 24 17 17 17 17 17 17 17 16 17 1023 53 1 1 1 1 28 16 16 16 16 16 16 16 16 17 49 49 1 1 1 1 28 17 16 16 16 16 17 16 16 17 17 49 1 1 1 1 28 16 16 17 17 17 16 16 16 16 17 16 1 1 1 1 28 16 16 17 17 16 16 16 16 16 16 16 1 1 1 1 28 16 17 17 16 16 118 374 318 54 190 314 1 1 1 1 28 16 16 16 16 17 62 59 62 318 382 118 1 1 711 30 Star Wars
1 1 25 17 16 16 16 16 16 16 16 541 1023 116 1 1 1 1 24 17 16 16 16 16 16 17 16 541 1023 247 1 1 1 1 24 16 17 17 17 17 17 17 16 17 1023 53 1 1 1 1 28 16 16 16 16 16 16 16 16 17 49 49 1 1 1 1 28 17 16 16 16 16 17 16 16 17 17 49 1 1 1 1 28 16 16 17 16 16 16 16 16 16 17 16 1 1 1 1 28 16 16 17 16 16 16 16 16 16 16 16 1 1 1 1 28 16 17 17 16 16 118 54 318 54 510 314 1 1 1 1 28 16 16 16 16 16 62 59 126 318 374 118 1 1 712 30 Star Wars
1 1 28 16 16 16 16 16 16 16 16 541 1023 116 1 1 1 1 24 16 16 16 16 16 16 17 16 541 1023 247 1 1 1 1 24 16 17 17 17 17 17 17 16 17 1023 61 1 1 1 1 28 16 16 16 16 16 16 16 16 49 49 49 1 1 1 1 28 17 16 16 16 16 17 16 16 17 17 49 1 1 1 1 28 16 17 17 16 16 16 16 16 16 17 16 1 1 1 1 24 16 16 17 16 16 16 16 16 16 16 16 1 1 1 1 28 16 17 17 16 16 62 382 318 54 126 542 1 1 1 1 28 16 16 16 16 16 62 59 126 318 382 118 1 1 713 30 Star Wars
1 1 28 16 16 16 16 16 16 16 16 541 1023 52 1 1 1 1 28 16 16 16 16 16 16 17 16 541 991 247 1 1 1 1 24 16 17 17 17 17 17 17 16 17 1023 61 1 1 1 1 28 16 16 16 16 16 16 16 16 49 49 49 1 1 1 1 28 17 16 16 16 16 16 16 16 17 17 49 1 1 1 1 28 16 16 16 16 16 16 17 16 16 17 16 1 1 1 1 24 16 17 17 16 16 16 16 16 16 16 16 1 1 1 1 28 16 17 16 16 16 62 382 318 54 126 542 1 1 1 1 28 16 16 16 16 16 54 50 62 318 374 382 1 1 714 30 Star Wars
1 1 28 17 16 16 16 16 16 16 16 541 1023 52 1 1 1 1 28 16 16 16 16 16 16 17 16 541 1023 255 1 1 1 1 24 16 17 17 17 17 17 17 16 17 1023 61 1 1 1 1 28 16 16 16 16 16 16 16 16 49 49 53 1 1 1 1 28 17 16 16 16 16 16 16 16 17 49 17 1 1 1 1 28 16 17 16 16 16 16 17 16 16 17 16 1 1 1 1 24 16 17 16 16 16 16 16 16 16 16 16 1 1 1 1 28 16 17 16 16 16 62 895 382 382 126 62 1 1 1 1 28 16 16 16 16 16 62 51 126 318 894 118 1 1 715 30 Star Wars
1 1 28 17 16 16 16 16 16 16 16 541 1023 54 1 1 1 1 28 16 16 16 16 16 16 17 16 541 991 255 1 1 1 1 28 16 17 17 17 17 17 17 16 17 1023 61 1 1 1 1 28 16 16 16 16 16 16 16 16 49 49 29 1 1 1 1 28 17 16 16 16 16 16 16 16 17 17 17 1 1 1 1 28 16 17 16 16 16 16 17 16 16 17 16 1 1 1 1 24 16 17 16 16 16 16 17 16 16 16 16 1 1 1 1 28 16 17 17 16 16 62 127 382 382 126 62 1 1 1 1 28 16 16 16 16 16 62 379 126 318 374 118 1 1 716 30 Star Wars
1 1 28 17 16 16 16 16 16 16 16 541 1023 54 1 1 1 1 28 16 16 16 16 16 16 16 16 541 1023 511 1 1 1 1 28 16 17 17 17 17 17 17 16 17 1023 61 1 1 1 1 28 16 16 16 16 16 16 16 16 49 49 29 1 1 1 1 28 17 16 16 16 16 16 16 16 17 17 17 1 1 1 1 28 16 16 16 16 16 16 17 16 16 17 16 1 1 1 1 24 16 16 16 16 16 16 17 16 16 16 16 1 1 1 1 28 16 17 16 16 16 54 383 382 382 126 30 1 1 1 1 28 16 16 16 16 16 54 51 126 318 886 118 1 1 717 30 Star Wars
1 1 28 17 16 16 16 16 16 16 16 541 1023 54 1 1 1 1 28 16 16 16 16 16 16 16 16 541 1023 511 1 1 1 1 28 16 17 17 17 17 17 17 16 17 1023 53 1 1 1 1 28 16 16 16 16 16 16 17 16 49 49 29 1 1 1 1 28 17 16 16 16 16 16 16 16 17 17 17 1 1 1 1 28 16 16 16 16 16 16 17 16 16 17 16 1 1 1 1 24 16 16 16 16 16 16 17 16 16 16 16 1 1 1 1 28 16 17 16 16 16 54 383 382 382 126 30 1 1 1 1 28 16 16 16 16 16 62 51 126 318 374 118 1 1 718 30 Star Wars
1 1 28 17 16 16 16 16 16 16 16 541 1023 54 1 1 1 1 28 16 16 16 16 16 16 16 16 541 1023 511 1 1 1 1 28 16 17 17 17 17 17 17 16 17 895 53 1 1 1 1 28 16 16 16 16 16 16 17 16 49 49 29 1 1 1 1 28 17 16 16 16 16 16 16 16 17 17 17 1 1 1 1 28 16 17 16 16 16 16 17 16 16 17 16 1 1 1 1 24 16 17 16 16 16 16 17 16 16 16 16 1 1 1 1 28 16 16 16 16 16 118 383 382 382 62 158 1 1 1 1 28 16 16 16 16 16 62 115 118 318 382 118 1 1 719 30 Star Wars
1 1 28 17 16 16 16 16 16 16 16 541 1023 54 1 1 1 1 28 16 16 16 16 16 16 16 16 797 1023 1023 1 1 1 1 28 16 17 17 17 17 17 17 16 17 511 53 1 1 1 1 28 16 16 16 16 16 16 17 16 49 49 21 1 1 1 1 28 17 16 16 16 16 16 16 16 17 17 49 1 1 1 1 28 16 17 16 16 16 16 17 16 16 17 16 1 1 1 1 24 16 17 16 16 16 16 17 16 16 16 16 1 1 1 1 28 16 17 16 16 16 118 383 382 378 126 58 1 1 1 1 28 16 16 16 16 16 62 59 126 318 822 118 1 1 720 30 Star Wars
1 1 28 17 16 16 16 16 16 16 16 541 1023 54 1 1 1 1 28 16 16 16 16 16 16 16 16 541 959 1023 1 1 1 1 28 16 17 17 17 17 17 17 16 17 511 53 1 1 1 1 28 16 16 16 16 16 16 17 16 49 17 21 1 1 1 1 28 17 16 16 16 16 16 16 16 17 17 17 1 1 1 1 28 16 17 16 16 16 16 17 16 16 17 16 1 1 1 1 24 16 17 16 16 16 16 17 16 16 16 16 1 1 1 1 28 16 17 16 16 16 118 383 382 378 126 574 1 1 1 1 28 16 16 16 16 16 62 379 126 318 822 118 1 1 721 30 Star Wars
1 1 28 17 16 16 16 16 16 17 16 541 1023 54 1 1 1 1 28 16 16 16 16 16 16 16 16 829 1023 767 1 1 1 1 28 16 17 17 17 17 17 17 16 17 959 53 1 1 1 1 28 16 16 16 16 16 16 17 16 49 17 29 1 1 1 1 28 17 16 16 16 16 16 16 16 17 17 17 1 1 1 1 28 16 17 16 16 16 16 17 16 16 17 16 1 1 1 1 24 16 17 16 16 16 16 17 16 16 16 16 1 1 1 1 28 16 17 16 16 16 118 383 382 378 126 58 1 1 1 1 28 16 16 16 16 16 62 315 126 318 822 118 1 1 722 30 Star Wars
1 1 28 17 16 16 16 16 16 17 16 541 1023 52 1 1 1 1 28 16 16 16 16 16 16 16 16 829 1023 767 1 1 1 1 28 16 17 17 17 17 17 17 16 17 959 53 1 1 1 1 28 16 16 16 16 16 16 17 16 49 49 21 1 1 1 1 28 17 16 16 16 16 16 16 16 17 17 17 1 1 1 1 28 16 17 16 16 16 16 17 16 16 17 16 1 1 1 1 24 16 17 16 16 16 16 17 16 16 16 16 1 1 1 1 28 16 17 16 16 16 118 383 382 378 126 58 1 1 1 1 28 16 16 16 16 16 62 19 126 318 822 118 1 1 723 30 Star Wars
1 1 28 17 17 16 16 16 16 17 16 541 1023 52 1 1 1 1 28 16 16 16 16 16 16 16 16 829 1023 767 1 1 1 1 28 16 17 17 17 17 17 17 16 17 511 53 1 1 1 1 28 16 16 16 16 16 16 17 16 49 17 61 1 1 1 1 28 17 16 16 16 16 16 16 16 17 17 17 1 1 1 1 28 16 17 16 16 16 16 17 16 16 17 16 1 1 1 1 24 16 17 16 16 16 16 17 16 16 16 16 1 1 1 1 28 16 17 16 16 16 118 383 382 378 126 58 1 1 1 1 28 16 16 16 16 16 62 19 126 318 822 118 1 1 724 30 Star Wars
1 1 28 17 17 16 16 16 16 16 16 541 1023 52 1 1 1 1 20 16 16 16 16 16 16 16 16 829 1023 1023 1 1 1 1 28 16 17 17 17 17 17 17 16 17 1023 53 1 1 1 1 28 16 16 16 16 16 16 16 16 49 17 61 1 1 1 1 28 17 16 16 16 16 16 16 16 17 17 17 1 1 1 1 28 16 17 16 16 16 16 17 16 16 17 16 1 1 1 1 24 16 17 16 16 16 16 17 16 16 16 16 1 1 1 1 28 16 16 16 16 16 382 319 382 378 126 58 1 1 1 1 28 16 16 16 16 16 62 19 126 318 830 118 1 1 725 30 Star Wars
1 1 28 17 17 16 16 16 16 16 16 541 1023 52 1 1 1 1 28 16 16 16 16 16 16 16 16 829 1023 1023 1 1 1 1 28 16 17 17 17 17 17 17 16 17 511 53 1 1 1 1 28 16 16 16 16 16 16 16 16 49 49 21 1 1 1 1 28 17 16 16 16 16 16 16 16 17 17 17 1 1 1 1 28 16 17 16 16 16 16 17 16 16 17 16 1 1 1 1 24 16 17 16 16 16 16 17 16 16 16 16 1 1 1 1 28 16 16 16 16 16 118 895 383 378 126 58 1 1 1 1 28 16 16 16 16 16 62 19 126 318 446 374 1 1 726 30 Star Wars
1 1 28 17 17 16 16 16 16 16 16 541 1023 52 1 1 1 1 28 16 16 16 16 16 16 17 16 829 1023 1023 1 1 1 1 28 16 17 17 17 17 17 17 16 17 511 53 1 1 1 1 28 16 16 16 16 16 16 16 16 17 49 21 1 1 1 1 28 17 16 16 16 16 16 16 16 17 17 17 1 1 1 1 28 16 17 16 16 16 16 17 16 16 17 16 1 1 1 1 24 16 17 16 16 16 16 17 16 16 16 16 1 1 1 1 28 16 16 16 16 16 574 1022 382 58 126 58 1 1 1 1 28 16 16 16 16 16 62 19 62 318 318 374 1 1 727 30 Star Wars
1 1 28 17 17 16 16 16 16 16 16 541 1023 52 1 1 1 1 28 16 17 16 16 16 16 17 16 829 959 1023 1 1 1 1 28 16 17 17 17 17 17 17 16 17 511 53 1 1 1 1 28 16 16 16 16 16 16 16 16 49 49 29 1 1 1 1 28 17 16 16 16 16 16 16 16 16 17 49 1 1 1 1 28 16 17 16 16 16 16 17 16 16 17 16 1 1 1 1 24 16 17 16 16 16 16 17 16 16 16 16 1 1 1 1 28 16 16 16 16 16 574 894 382 58 126 58 1 1 1 1 28 16 16 16 16 16 54 18 62 318 510 118 1 1 728 30 Star Wars
1 1 28 17 16 16 16 16 16 16 16 541 1023 52 1 1 1 1 28 16 16 16 16 16 16 17 16 829 1023 1023 1 1 1 1 28 16 17 17 17 17 17 17 16 17 511 53 1 1 1 1 28 16 16 16 16 16 16 16 16 49 49 21 1 1 1 1 28 17 16 16 16 16 16 16 16 17 17 17 1 1 1 1 28 16 17 17 16 16 16 17 16 16 17 16 1 1 1 1 24 16 17 17 16 16 16 17 16 16 16 16 1 1 1 1 28 16 16 16 16 16 62 319 382 58 126 58 1 1 1 1 28 16 16 16 16 16 54 30 62 318 318 118 1 1 729 30 Star Wars
1 1 28 17 49 16 16 16 16 16 16 541 1023 52 1 1 1 1 28 16 48 16 16 16 16 17 16 829 959 1023 1 1 1 1 28 16 49 17 17 17 17 17 16 17 511 53 1 1 1 1 28 16 113 16 16 16 16 16 16 49 49 29 1 1 1 1 28 17 113 16 16 16 17 16 16 17 17 17 1 1 1 1 28 16 113 17 16 16 16 17 16 16 17 16 1 1 1 1 24 16 49 17 16 16 16 17 16 16 16 16 1 1 1 1 24 17 49 16 16 16 62 319 382 58 126 62 1 1 1 1 28 17 49 16 16 16 62 18 62 318 318 118 1 1 730 30 Star Wars
1 1 28 17 49 16 16 16 16 16 16 541 1023 52 1 1 1 1 28 16 48 16 16 16 16 17 16 573 1023 767 1 1 1 1 28 16 49 17 17 17 17 17 16 17 511 53 1 1 1 1 28 16 49 16 16 16 16 16 16 49 17 29 1 1 1 1 28 16 113 16 16 16 16 16 16 16 49 17 1 1 1 1 28 16 113 16 16 16 16 17 16 16 17 16 1 1 1 1 24 17 113 17 16 16 16 17 16 16 16 16 1 1 1 1 28 17 49 16 16 16 310 830 382 54 126 190 1 1 1 1 28 17 49 16 16 16 54 54 127 894 318 118 1 1 739 30 Star Wars
1 1 28 17 49 16 16 16 16 16 16 541 1023 52 1 1 1 1 28 16 48 16 16 16 16 17 16 573 1023 767 1 1 1 1 28 16 17 17 17 17 17 17 16 17 511 53 1 1 1 1 28 16 49 16 16 16 17 16 16 49 49 61 1 1 1 1 28 16 113 16 16 16 16 16 16 17 49 17 1 1 1 1 28 17 117 17 16 16 16 17 16 16 17 16 1 1 1 1 24 17 113 17 16 16 16 17 16 16 16 16 1 1 1 1 28 17 113 16 16 16 286 318 382 54 126 190 1 1 1 1 28 17 113 16 16 16 54 22 63 894 318 118 1 1 740 30 Star Wars
1 1 28 17 17 16 16 16 16 16 16 541 1023 52 1 1 1 1 28 16 17 16 16 16 16 17 16 573 959 767 1 1 1 1 28 17 17 17 17 17 17 17 16 17 511 53 1 1 1 1 28 16 17 16 16 16 16 16 16 49 17 61 1 1 1 1 28 17 113 16 16 16 16 16 16 17 49 17 1 1 1 1 28 17 113 17 16 16 16 17 16 16 17 16 1 1 1 1 24 17 113 17 16 16 16 17 16 16 16 16 1 1 1 1 28 17 49 16 16 16 286 447 126 50 126 190 1 1 1 1 28 17 49 16 16 16 54 22 63 318 318 118 1 1 741 30 Star Wars
1 1 28 17 17 16 16 16 16 16 16 541 1023 52 1 1 1 1 28 16 17 16 16 16 16 17 16 573 959 503 1 1 1 1 28 16 17 17 17 17 17 17 16 17 511 53 1 1 1 1 28 16 17 16 16 16 16 16 16 49 17 21 1 1 1 1 28 17 113 16 16 16 16 16 16 17 49 17 1 1 1 1 28 17 113 49 16 16 16 16 16 16 16 16 1 1 1 1 24 17 49 17 16 16 16 17 16 16 16 16 1 1 1 1 28 17 49 16 16 16 22 447 382 50 126 190 1 1 1 1 28 17 113 16 16 16 54 22 126 318 318 118 1 1 742 30 Star Wars
1 1 28 17 17 16 16 16 16 16 16 541 1023 52 1 1 1 1 28 16 17 16 16 16 16 17 16 573 959 503 1 1 1 1 28 16 17 17 17 17 17 17 16 17 447 53 1 1 1 1 28 16 17 16 16 16 16 16 16 49 17 21 1 1 1 1 28 17 113 49 16 16 16 16 16 17 49 17 1 1 1 1 28 17 65 113 16 16 16 17 16 16 16 16 1 1 1 1 24 17 113 49 16 16 16 17 16 16 16 16 1 1 1 1 28 17 49 49 16 16 62 447 382 58 126 190 1 1 1 1 28 17 117 113 16 16 54 22 127 318 318 374 1 1 743 30 Star Wars
1 1 28 17 17 16 16 16 16 16 16 541 1023 52 1 1 1 1 28 16 17 17 16 16 16 17 16 797 1023 247 1 1 1 1 28 16 17 17 17 17 17 17 16 17 447 53 1 1 1 1 28 17 17 17 16 16 17 16 16 49 17 21 1 1 1 1 28 49 113 113 16 16 17 16 16 17 49 17 1 1 1 1 28 17 65 113 16 16 16 17 16 16 16 16 1 1 1 1 24 17 49 113 16 16 16 17 16 16 16 16 1 1 1 1 28 17 49 49 17 16 62 126 382 54 62 58 1 1 1 1 28 17 53 113 17 16 54 118 62 382 374 118 1 1 744 30 Star Wars
1 1 28 17 17 16 16 16 16 16 16 541 1023 52 1 1 1 1 28 16 17 16 16 16 16 16 16 797 1023 255 1 1 1 1 28 17 17 17 17 17 17 17 16 17 991 53 1 1 1 1 28 17 49 17 16 16 16 16 16 49 17 21 1 1 1 1 28 17 113 113 16 16 16 16 16 17 49 17 1 1 1 1 28 17 65 113 16 16 16 17 16 16 16 16 1 1 1 1 24 17 113 113 49 16 16 17 16 16 16 16 1 1 1 1 28 17 53 53 17 17 62 319 382 54 62 62 1 1 1 1 28 17 117 53 49 16 54 54 126 894 382 118 1 1 745 30 Star Wars
1 1 28 17 17 16 16 16 16 16 16 541 1023 52 1 1 1 1 28 16 17 16 16 16 16 16 16 797 1023 247 1 1 1 1 28 17 17 17 17 17 17 17 16 17 1023 53 1 1 1 1 28 17 49 17 16 16 16 16 16 49 17 21 1 1 1 1 28 16 113 113 16 16 16 16 16 17 17 17 1 1 1 1 28 16 113 113 113 16 16 17 16 16 16 16 1 1 1 1 28 16 113 49 113 16 16 17 16 16 16 16 1 1 1 1 28 17 49 53 113 17 54 127 382 54 62 62 1 1 1 1 24 17 117 53 49 17 54 118 62 382 374 118 1 1 746 30 Star Wars
1 1 28 17 16 16 16 16 16 16 16 541 1023 52 1 1 1 1 28 16 17 17 16 16 16 16 16 797 1023 503 1 1 1 1 28 17 17 17 17 17 17 17 16 17 991 53 1 1 1 1 24 17 117 17 17 16 16 16 16 49 17 21 1 1 1 1 28 17 113 113 113 16 16 16 16 17 17 17 1 1 1 1 28 16 113 65 113 16 16 17 16 16 16 16 1 1 1 1 28 16 113 113 17 17 16 17 16 16 16 16 1 1 1 1 28 17 117 117 17 17 63 319 318 54 62 58 1 1 1 1 24 17 117 53 113 17 63 55 54 382 374 310 1 1 747 30 Star Wars
1 1 28 17 16 16 16 16 16 16 16 541 1023 52 1 1 1 1 28 16 17 17 16 16 16 16 16 797 1023 255 1 1 1 1 28 17 17 17 17 17 17 17 16 17 1023 53 1 1 1 1 24 17 49 49 17 16 16 16 16 49 17 21 1 1 1 1 28 16 49 113 113 16 16 16 16 17 17 17 1 1 1 1 28 16 117 65 113 17 16 17 16 16 16 16 1 1 1 1 24 17 49 113 49 21 16 17 16 16 16 16 1 1 1 1 28 17 49 117 49 17 55 63 382 54 62 62 1 1 1 1 28 17 117 53 49 17 23 311 62 318 382 118 1 1 748 30 Star Wars
1 1 28 17 16 16 16 16 16 16 16 541 1023 52 1 1 1 1 28 16 17 17 16 16 16 16 16 541 1023 255 1 1 1 1 28 17 17 17 17 17 17 17 16 17 863 21 1 1 1 1 24 16 49 53 17 16 16 16 16 17 17 21 1 1 1 1 28 16 49 113 117 48 16 16 16 17 17 17 1 1 1 1 28 16 49 113 97 49 16 17 16 16 16 16 1 1 1 1 24 49 53 113 117 17 16 17 16 16 16 16 1 1 1 1 28 17 17 117 53 17 63 55 318 54 62 62 1 1 1 1 28 17 117 53 49 17 22 55 62 318 502 118 1 1 749 30 Star Wars
1 1 28 17 16 16 16 16 16 16 16 541 1023 52 1 1 1 1 28 16 17 17 16 16 16 16 16 797 1023 247 1 1 1 1 28 17 17 17 17 17 17 17 16 17 991 53 1 1 1 1 24 16 49 117 17 16 16 16 16 17 17 21 1 1 1 1 28 16 49 113 113 117 16 16 16 16 17 17 1 1 1 1 28 17 113 113 65 49 16 17 16 16 16 16 1 1 1 1 24 49 53 113 117 49 16 17 16 16 16 16 1 1 1 1 28 17 17 117 117 17 95 55 318 54 62 62 1 1 1 1 24 17 69 117 49 49 23 55 62 318 502 118 1 1 750 30 Star Wars
1 1 28 17 16 16 16 16 16 16 16 541 1023 52 1 1 1 1 28 16 17 17 16 16 16 17 16 29 1023 255 1 1 1 1 28 17 17 17 17 17 17 17 16 49 959 53 1 1 1 1 24 16 49 117 49 17 16 16 16 17 49 21 1 1 1 1 28 17 49 113 113 117 16 16 16 17 17 17 1 1 1 1 28 17 49 117 65 49 16 17 16 16 16 16 1 1 1 1 24 49 53 117 117 53 16 17 16 16 16 16 1 1 1 1 28 49 17 117 53 49 63 63 318 62 62 318 1 1 1 1 24 17 65 117 49 49 31 87 54 382 1014 374 1 1 751 30 Star Wars
1 1 28 17 16 16 16 16 16 16 16 541 1023 52 1 1 1 1 28 16 16 17 17 16 16 16 16 29 1023 255 1 1 1 1 28 17 17 17 17 17 17 17 16 17 959 53 1 1 1 1 24 16 49 53 49 17 16 16 16 17 17 21 1 1 1 1 28 17 49 113 113 117 16 16 16 17 17 17 1 1 1 1 24 17 49 113 65 49 16 17 16 16 16 16 1 1 1 1 24 49 53 117 49 49 16 17 16 16 16 16 1 1 1 1 28 17 17 117 53 49 62 319 318 62 62 318 1 1 1 1 24 16 113 49 49 49 22 119 318 382 886 374 1 1 752 30 Star Wars
1 1 28 17 16 16 16 16 16 17 16 541 1023 52 1 1 1 1 24 16 16 17 17 16 16 16 16 29 1023 247 1 1 1 1 28 17 17 17 17 17 17 17 16 17 927 53 1 1 1 1 24 16 17 53 49 21 16 16 16 17 17 21 1 1 1 1 24 16 16 113 113 117 16 16 16 17 17 17 1 1 1 1 24 17 49 113 65 49 16 17 16 16 16 16 1 1 1 1 24 17 53 113 117 113 16 17 16 16 16 16 1 1 1 1 28 17 17 17 53 49 310 319 314 54 62 318 1 1 1 1 24 16 17 53 49 49 63 115 318 382 374 886 1 1 753 30 Star Wars
1 1 29 17 16 16 16 16 16 17 16 541 1023 20 1 1 1 1 24 16 16 17 17 16 16 17 16 29 1023 247 1 1 1 1 28 17 17 17 17 17 17 17 16 17 991 53 1 1 1 1 24 16 16 117 49 21 16 16 16 17 17 21 1 1 1 1 24 16 17 113 113 53 16 16 16 17 17 17 1 1 1 1 28 17 17 113 69 49 16 17 16 16 16 16 1 1 1 1 24 17 53 117 117 53 16 17 16 16 16 16 1 1 1 1 28 17 113 21 117 49 119 127 318 54 62 318 1 1 1 1 24 16 113 53 53 49 63 123 310 382 502 886 1 1 754 30 Star Wars
1 1 28 16 16 16 16 16 16 17 16 541 1023 20 1 1 1 1 24 16 16 17 17 16 16 17 16 29 1023 255 1 1 1 1 24 17 17 17 17 17 17 17 16 21 479 53 1 1 1 1 24 16 16 53 49 21 16 17 16 17 17 29 1 1 1 1 24 16 16 117 113 117 16 16 16 17 17 17 1 1 1 1 28 17 17 113 69 49 16 17 16 16 16 16 1 1 1 1 24 17 21 117 117 53 17 17 16 16 16 16 1 1 1 1 24 17 81 117 53 53 119 63 318 54 318 318 1 1 1 1 24 16 49 117 53 49 55 123 318 382 510 886 1 1 755 30 Star Wars
1 1 28 16 16 16 16 16 16 17 16 541 1023 20 1 1 1 1 28 16 16 17 17 16 16 16 16 29 1023 255 1 1 1 1 24 17 17 17 17 17 17 17 16 53 1023 53 1 1 1 1 24 16 16 117 49 21 16 17 16 17 17 21 1 1 1 1 24 16 16 117 113 53 16 16 16 17 17 17 1 1 1 1 28 17 17 117 69 113 16 17 16 16 16 16 1 1 1 1 24 17 17 53 117 53 16 17 16 16 16 16 1 1 1 1 24 17 17 117 21 21 375 55 314 54 62 318 1 1 1 1 24 16 17 117 117 17 55 379 318 382 510 54 1 1 756 30 Star Wars
1 1 28 16 16 16 16 16 16 17 16 541 1023 52 1 1 1 1 28 16 16 17 17 16 16 16 16 29 1023 255 1 1 1 1 28 17 17 17 17 17 17 17 16 53 927 53 1 1 1 1 24 16 16 53 49 53 16 17 16 17 17 21 1 1 1 1 24 16 16 117 113 117 16 16 16 17 17 17 1 1 1 1 28 17 17 117 69 81 16 17 16 16 16 16 1 1 1 1 24 17 17 53 117 117 49 17 16 16 16 16 1 1 1 1 24 17 49 117 21 21 383 63 318 54 318 62 1 1 1 1 24 16 17 117 117 21 119 59 318 318 510 118 1 1 757 30 Star Wars
1 1 29 16 16 16 16 16 16 17 16 541 1023 20 1 1 1 1 28 16 16 17 17 16 16 17 16 29 1023 255 1 1 1 1 28 17 17 17 17 17 17 17 16 53 415 53 1 1 1 1 24 16 16 117 53 53 16 17 16 17 17 21 1 1 1 1 24 16 16 117 117 53 16 16 16 17 17 17 1 1 1 1 28 17 17 117 69 117 16 17 16 16 16 16 1 1 1 1 24 17 17 113 117 117 17 17 16 16 16 16 1 1 1 1 24 17 17 113 21 21 119 63 382 118 318 62 1 1 1 1 24 16 16 117 117 17 55 55 62 318 510 50 1 1 758 30 Star Wars
1 1 28 16 16 16 16 16 16 17 16 541 1023 52 1 1 1 1 28 16 16 17 17 16 16 16 16 29 1023 247 1 1 1 1 28 17 17 17 17 17 17 17 16 53 415 53 1 1 1 1 24 16 16 117 117 53 16 17 16 17 49 53 1 1 1 1 24 16 16 117 117 117 16 16 16 17 17 16 1 1 1 1 28 17 16 117 65 117 16 17 16 16 16 16 1 1 1 1 24 17 17 113 113 117 49 17 16 16 16 16 1 1 1 1 24 17 17 81 53 21 119 63 382 54 62 62 1 1 1 1 24 16 16 113 117 53 119 55 318 382 510 54 1 1 759 30 Star Wars
1 1 28 16 16 16 16 16 16 17 16 541 1023 52 1 1 1 1 24 16 16 17 17 16 16 16 16 29 1023 247 1 1 1 1 28 17 17 17 17 17 17 17 16 21 1023 53 1 1 1 1 24 16 16 49 117 53 16 17 16 49 49 21 1 1 1 1 24 16 16 113 117 125 16 16 16 17 17 16 1 1 1 1 28 17 16 117 65 53 16 17 16 16 16 16 1 1 1 1 24 17 16 113 33 53 21 17 16 16 16 16 1 1 1 1 24 17 16 49 117 53 119 63 382 54 62 62 1 1 1 1 24 16 16 113 53 53 119 51 318 382 510 54 1 1 760 30 Star Wars
1 1 28 16 16 16 16 16 16 17 16 541 1023 52 1 1 1 1 24 16 16 17 17 17 16 16 16 61 1023 247 1 1 1 1 24 17 17 17 17 17 17 17 16 53 799 53 1 1 1 1 24 16 16 17 117 53 16 17 16 49 49 53 1 1 1 1 28 16 16 117 117 53 16 16 16 17 17 17 1 1 1 1 28 17 16 117 69 53 16 17 16 16 16 16 1 1 1 1 24 17 16 113 1 117 17 17 16 16 16 16 1 1 1 1 24 17 17 49 117 117 119 63 318 54 62 62 1 1 1 1 24 16 17 17 117 53 119 87 126 318 510 114 1 1 761 30 Star Wars
1 1 28 16 16 16 16 16 16 16 16 541 1023 53 1 1 1 1 24 16 16 16 17 17 16 16 16 61 959 247 1 1 1 1 28 17 17 17 17 17 17 17 16 53 799 53 1 1 1 1 24 16 16 16 49 117 17 16 16 49 49 21 1 1 1 1 28 16 16 113 117 53 16 16 16 17 17 16 1 1 1 1 28 17 16 117 69 53 16 17 16 16 16 16 1 1 1 1 24 17 17 113 65 117 21 17 16 16 16 16 1 1 1 1 24 17 17 49 117 53 119 127 318 62 62 62 1 1 1 1 24 16 17 49 53 21 119 63 318 318 510 114 1 1 762 30 Star Wars
1 1 28 16 16 16 16 16 16 16 16 541 1023 53 1 1 1 1 28 16 16 16 17 17 16 16 16 61 959 247 1 1 1 1 28 17 17 17 17 17 17 17 16 21 959 53 1 1 1 1 24 16 16 16 49 53 17 16 16 49 17 21 1 1 1 1 28 16 16 16 117 53 16 16 16 17 17 16 1 1 1 1 28 17 16 113 97 117 16 17 16 16 16 16 1 1 1 1 24 17 17 113 65 117 49 17 16 16 16 16 1 1 1 1 24 17 17 17 117 117 119 127 310 62 54 190 1 1 1 1 24 16 16 49 53 21 119 55 318 318 382 114 1 1 763 30 Star Wars
1 1 28 16 16 16 16 16 16 16 16 541 1023 21 1 1 1 1 24 16 16 16 17 17 16 16 16 61 927 503 1 1 1 1 24 17 17 17 17 17 17 17 16 53 831 53 1 1 1 1 24 16 16 16 49 53 17 17 16 49 53 21 1 1 1 1 24 16 16 16 113 53 16 16 16 21 17 16 1 1 1 1 28 17 16 49 117 117 17 17 16 16 16 16 1 1 1 1 24 17 17 49 65 113 49 113 16 16 16 16 1 1 1 1 24 17 17 49 53 117 119 127 382 62 54 190 1 1 1 1 24 16 16 49 53 21 119 119 318 318 382 114 1 1 764 30 Star Wars
1 1 28 16 16 16 16 16 16 17 16 541 1023 53 1 1 1 1 28 16 16 16 17 17 16 16 16 61 927 503 1 1 1 1 28 17 17 17 17 17 17 17 16 21 415 53 1 1 1 1 24 16 16 16 17 53 49 17 17 49 21 21 1 1 1 1 28 16 16 16 113 53 16 16 16 17 17 16 1 1 1 1 28 17 16 17 113 49 49 49 16 16 16 16 1 1 1 1 24 17 17 49 97 113 113 113 16 16 16 16 1 1 1 1 24 17 17 49 37 117 119 127 126 62 318 158 1 1 1 1 24 16 16 49 53 21 103 119 374 382 894 118 1 1 765 30 Star Wars
1 1 28 16 16 16 16 16 16 16 16 541 1023 53 1 1 1 1 24 16 16 16 17 17 16 16 16 61 927 503 1 1 1 1 24 17 17 17 17 17 17 17 16 21 831 53 1 1 1 1 24 16 16 16 17 53 49 16 17 17 53 21 1 1 1 1 28 16 16 16 113 53 16 16 16 21 17 16 1 1 1 1 28 17 16 16 113 117 49 49 16 16 16 16 1 1 1 1 24 17 17 49 113 117 117 113 16 16 16 16 1 1 1 1 24 17 17 17 33 117 119 119 382 62 318 30 1 1 1 1 24 16 16 49 53 53 87 119 54 382 382 114 1 1 766 30 Star Wars
1 1 28 16 16 16 16 16 16 16 16 541 1023 21 1 1 1 1 24 16 16 16 17 17 16 16 16 61 959 247 1 1 1 1 24 17 17 17 17 17 17 17 16 21 1023 53 1 1 1 1 24 16 16 16 17 53 49 16 17 17 53 20 1 1 1 1 28 16 16 16 113 53 16 16 16 17 17 16 1 1 1 1 28 17 16 16 113 117 49 49 16 16 16 16 1 1 1 1 24 17 17 17 113 113 113 113 16 16 16 16 1 1 1 1 24 17 17 17 1 53 119 119 318 62 318 158 1 1 1 1 24 16 16 49 53 117 119 119 126 382 318 118 1 1 767 30 Star Wars
1 1 28 16 17 16 16 16 16 16 16 541 1023 21 1 1 1 1 24 16 16 16 17 17 16 16 16 573 1023 439 1 1 1 1 28 17 17 17 17 17 17 17 16 21 959 53 1 1 1 1 24 16 16 16 17 53 49 17 17 17 21 17 1 1 1 1 28 16 16 16 113 53 16 16 16 17 17 16 1 1 1 1 28 17 16 16 117 117 49 113 16 16 16 16 1 1 1 1 24 17 17 17 113 113 113 117 16 16 16 16 1 1 1 1 24 17 17 17 1 53 119 119 382 62 190 62 1 1 1 1 24 16 16 113 1 117 119 119 126 886 958 54 1 1 768 30 Star Wars
1 1 28 16 17 16 16 16 16 16 16 541 991 21 1 1 1 1 28 16 16 16 17 17 16 16 16 29 1023 215 1 1 1 1 28 17 17 17 17 17 17 17 16 21 959 21 1 1 1 1 24 16 16 16 17 53 53 16 17 17 21 16 1 1 1 1 24 16 16 16 113 53 16 16 16 17 49 16 1 1 1 1 28 17 16 16 117 117 49 113 16 16 16 16 1 1 1 1 24 17 17 17 113 113 117 117 16 16 16 16 1 1 1 1 24 17 17 17 1 53 119 119 382 62 62 318 1 1 1 1 24 16 16 113 1 53 119 119 374 894 958 54 1 1 769 30 Star Wars
1 1 28 16 16 16 16 16 16 16 16 541 1023 21 1 1 1 1 28 16 16 16 17 17 17 16 16 29 1023 215 1 1 1 1 28 17 17 17 17 17 17 17 16 21 959 17 1 1 1 1 24 16 16 16 17 53 53 16 17 17 21 16 1 1 1 1 24 16 16 16 113 53 16 16 16 17 49 16 1 1 1 1 24 17 16 16 117 49 49 117 16 16 16 16 1 1 1 1 24 17 17 17 113 113 113 117 16 16 16 16 1 1 1 1 24 17 17 17 1 53 119 119 382 62 62 318 1 1 1 1 24 16 16 113 1 117 119 119 126 382 446 62 1 1 770 30 Star Wars
1 1 28 16 16 16 16 16 16 16 16 541 1023 21 1 1 1 1 24 16 16 16 17 17 16 16 16 61 959 247 1 1 1 1 24 17 17 17 17 17 17 17 16 21 1023 17 1 1 1 1 24 16 16 16 17 53 53 16 17 17 21 16 1 1 1 1 24 16 16 16 113 53 48 16 16 17 16 16 1 1 1 1 24 17 17 16 117 53 49 49 16 16 16 16 1 1 1 1 24 17 17 17 113 113 113 113 16 16 16 16 1 1 1 1 24 17 17 17 1 53 119 119 382 62 62 318 1 1 1 1 24 16 16 113 1 53 87 119 126 894 958 54 1 1 771 30 Star Wars
1 1 28 16 16 16 16 16 16 16 16 541 991 21 1 1 1 1 24 16 16 16 17 17 16 16 16 29 927 247 1 1 1 1 28 17 17 17 17 17 17 17 16 21 831 17 1 1 1 1 24 16 16 16 16 53 53 16 17 49 21 16 1 1 1 1 24 16 16 16 113 53 52 16 16 21 17 16 1 1 1 1 24 17 16 16 85 53 49 49 16 16 16 16 1 1 1 1 24 17 17 17 113 113 113 113 16 16 16 16 1 1 1 1 24 17 17 17 1 117 119 375 382 62 62 62 1 1 1 1 24 16 16 113 1 53 119 119 118 382 958 54 1 1 772 30 Star Wars
1 1 28 16 16 16 16 16 16 16 16 541 1023 21 1 1 1 1 24 16 16 16 17 17 16 16 16 29 927 247 1 1 1 1 28 17 17 17 17 17 17 17 16 53 831 17 1 1 1 1 24 16 16 16 17 53 53 16 17 17 21 16 1 1 1 1 24 16 16 16 113 53 20 16 16 17 17 16 1 1 1 1 24 17 16 16 117 117 49 49 16 16 16 16 1 1 1 1 24 17 17 17 113 117 113 113 16 16 16 16 1 1 1 1 24 17 17 17 1 117 119 119 382 62 62 62 1 1 1 1 24 16 16 81 1 117 87 119 126 894 950 54 1 1 773 30 Star Wars
1 1 24 16 16 16 16 16 16 16 16 541 1023 21 1 1 1 1 24 16 16 16 17 17 16 16 16 541 959 503 1 1 1 1 28 17 17 17 17 17 17 17 16 53 831 17 1 1 1 1 24 16 16 16 17 53 53 16 17 49 21 16 1 1 1 1 24 16 16 16 113 53 20 16 16 17 17 16 1 1 1 1 24 16 17 16 117 113 49 49 16 16 16 16 1 1 1 1 24 16 17 17 113 117 113 113 16 16 16 16 1 1 1 1 24 17 17 17 1 117 119 119 382 62 62 318 1 1 1 1 24 16 16 81 1 53 87 119 62 382 950 54 1 1 774 30 Star Wars
1 1 24 16 16 16 16 16 16 16 16 541 1023 21 1 1 1 1 24 16 16 16 17 17 17 16 16 61 1023 215 1 1 1 1 24 17 17 17 17 17 17 17 16 21 319 17 1 1 1 1 24 16 16 16 16 53 53 16 49 17 21 16 1 1 1 1 25 16 16 16 113 53 20 16 16 17 17 16 1 1 1 1 24 17 17 16 117 113 49 49 16 16 16 16 1 1 1 1 24 16 17 17 113 117 113 113 16 16 16 16 1 1 1 1 24 17 17 17 1 117 119 119 382 62 62 318 1 1 1 1 24 16 16 81 1 53 119 119 318 382 318 54 1 1 775 30 Star Wars
1 1 28 16 16 16 16 16 16 16 16 541 1023 53 1 1 1 1 24 16 16 16 17 17 16 16 16 61 959 247 1 1 1 1 24 17 17 17 17 17 17 16 16 53 511 16 1 1 1 1 24 16 16 16 16 53 53 16 49 17 21 16 1 1 1 1 24 16 16 16 113 117 53 16 16 17 49 16 1 1 1 1 24 16 17 16 117 117 48 49 16 16 16 16 1 1 1 1 24 16 17 17 113 117 113 113 16 16 16 16 1 1 1 1 24 16 17 17 1 117 119 127 382 62 62 30 1 1 1 1 24 16 16 81 1 53 119 119 118 382 446 54 1 1 776 30 Star Wars
1 1 28 16 16 16 16 16 16 16 16 541 1023 53 1 1 1 1 24 16 16 16 17 17 16 16 16 29 959 247 1 1 1 1 24 17 17 17 17 17 17 16 16 53 831 16 1 1 1 1 24 16 16 16 16 53 49 16 16 17 21 16 1 1 1 1 24 16 16 16 113 117 21 16 16 17 17 16 1 1 1 1 24 16 17 16 117 53 17 49 16 16 16 16 1 1 1 1 24 16 17 17 113 113 53 113 16 16 16 16 1 1 1 1 24 16 17 17 1 117 119 119 318 118 318 62 1 1 1 1 24 16 16 81 65 53 119 119 126 318 446 118 1 1 777 30 Star Wars
1 1 28 16 16 16 16 16 16 16 16 541 1023 53 1 1 1 1 24 16 16 16 17 17 16 16 16 29 1023 511 1 1 1 1 24 17 17 17 17 17 17 16 16 53 799 49 1 1 1 1 24 16 16 16 17 53 49 16 49 49 21 16 1 1 1 1 24 16 16 16 113 117 21 16 16 17 17 16 1 1 1 1 24 16 17 16 117 117 17 49 16 16 16 16 1 1 1 1 24 16 17 17 113 117 53 113 16 16 16 16 1 1 1 1 24 16 17 17 1 117 119 119 382 118 446 574 1 1 1 1 16 16 16 81 65 53 119 119 318 382 830 54 1 1 778 30 Star Wars
1 1 28 16 16 16 16 16 16 16 16 541 1023 53 1 1 1 1 16 16 16 16 17 17 16 16 16 29 1023 255 1 1 1 1 24 17 17 17 17 17 17 16 16 53 991 48 1 1 1 1 24 16 16 16 17 49 49 16 49 49 21 16 1 1 1 1 24 16 16 16 113 117 17 16 16 17 16 16 1 1 1 1 16 16 17 16 113 117 21 17 16 16 16 16 1 1 1 1 16 16 17 17 113 113 53 113 16 16 16 16 1 1 1 1 16 16 17 17 1 117 119 119 382 54 446 534 1 1 1 1 16 16 16 81 65 53 119 119 62 382 894 566 1 1 779 30 Star Wars
1 1 28 16 16 16 16 16 16 16 16 541 1023 53 1 1 1 1 16 16 16 16 17 17 16 16 16 29 1023 255 1 1 1 1 24 17 17 17 17 21 17 16 16 53 863 16 1 1 1 1 24 16 16 16 17 49 53 16 49 49 21 16 1 1 1 1 24 16 16 16 113 117 17 17 16 17 16 16 1 1 1 1 16 16 17 16 117 85 21 49 16 16 16 16 1 1 1 1 24 16 17 17 113 113 53 113 16 16 16 16 1 1 1 1 16 16 17 17 1 117 119 119 382 54 446 566 1 1 1 1 24 16 16 81 65 53 119 119 318 894 894 566 1 1 780 30 Star Wars
1 1 24 16 16 16 16 16 16 16 16 541 1023 53 1 1 1 1 24 17 16 16 17 17 16 16 16 61 1023 511 1 1 1 1 24 17 17 17 17 17 17 16 16 53 1023 16 1 1 1 1 24 16 16 16 16 49 49 16 49 17 17 16 1 1 1 1 24 16 16 17 113 117 17 16 16 17 17 16 1 1 1 1 16 16 17 16 117 117 21 17 16 16 16 16 1 1 1 1 24 16 17 17 113 113 21 113 16 16 16 16 1 1 1 1 24 17 17 17 1 117 119 119 382 54 254 566 1 1 1 1 24 16 16 81 65 21 119 119 62 894 894 566 1 1 781 30 Star Wars
1 1 25 16 16 16 16 16 16 16 16 541 1023 53 1 1 1 1 24 17 16 16 17 17 16 16 16 29 1023 255 1 1 1 1 24 17 17 17 17 17 17 16 48 53 511 16 1 1 1 1 24 16 16 16 16 49 49 16 49 17 21 16 1 1 1 1 25 16 16 17 113 117 21 17 16 17 17 16 1 1 1 1 16 16 17 16 117 117 21 17 16 16 16 16 1 1 1 1 24 16 17 49 113 113 53 113 16 16 16 16 1 1 1 1 24 17 17 17 1 117 119 119 382 54 254 566 1 1 1 1 24 16 16 81 65 53 119 119 126 894 894 566 1 1 782 30 Star Wars
1 1 24 16 16 16 16 16 16 16 16 541 1023 53 1 1 1 1 24 16 16 16 17 17 16 16 16 61 1023 247 1 1 1 1 24 17 17 17 17 17 17 16 48 53 447 16 1 1 1 1 24 16 16 16 16 49 53 16 49 17 21 16 1 1 1 1 24 16 16 16 113 117 17 16 16 17 17 16 1 1 1 1 24 16 17 16 117 117 17 49 16 16 16 16 1 1 1 1 24 16 17 17 113 113 53 113 16 16 16 16 1 1 1 1 24 17 17 17 1 117 119 119 382 54 254 566 1 1 1 1 24 16 16 17 65 21 87 119 126 894 830 566 1 1 783 30 Star Wars
1 1 24 16 16 16 16 16 16 16 16 541 1023 53 1 1 1 1 24 16 16 16 17 17 16 16 16 29 1023 247 1 1 1 1 25 17 17 17 17 17 17 16 16 53 991 16 1 1 1 1 24 16 16 16 16 53 53 16 53 17 21 16 1 1 1 1 24 16 16 16 113 53 16 16 16 17 16 16 1 1 1 1 24 17 17 16 113 53 16 49 16 16 16 16 1 1 1 1 24 16 17 17 113 21 53 113 16 16 16 16 1 1 1 1 24 17 17 17 1 117 119 119 126 54 254 534 1 1 1 1 24 16 16 17 1 53 119 119 126 382 830 566 1 1 784 30 Star Wars
1 1 24 16 16 16 16 16 16 16 16 541 1023 53 1 1 1 1 25 16 16 16 17 17 17 16 16 29 1023 503 1 1 1 1 17 17 17 17 17 17 17 16 16 53 1023 16 1 1 1 1 24 16 16 16 17 49 49 16 52 17 17 16 1 1 1 1 24 16 16 16 113 117 16 16 16 17 17 16 1 1 1 1 24 17 17 16 113 117 17 49 16 16 16 16 1 1 1 1 24 17 17 17 113 117 53 113 16 16 16 16 1 1 1 1 24 17 17 17 1 117 119 119 382 54 510 566 1 1 1 1 24 16 16 81 1 53 119 375 126 382 830 54 1 1 785 30 Star Wars
1 1 24 16 16 16 16 16 16 16 16 541 1023 53 1 1 1 1 25 16 16 16 17 17 17 16 16 29 1023 247 1 1 1 1 25 17 17 17 17 17 17 16 16 53 959 16 1 1 1 1 24 16 16 16 17 53 53 16 53 17 21 16 1 1 1 1 24 16 16 16 113 117 16 16 17 17 17 16 1 1 1 1 24 17 17 17 113 117 49 17 16 16 16 16 1 1 1 1 24 17 17 49 97 117 53 113 16 16 16 16 1 1 1 1 24 17 17 17 1 117 119 119 126 54 510 566 1 1 1 1 24 16 16 81 1 21 119 375 126 382 310 54 1 1 786 30 Star Wars
1 1 24 16 16 16 16 16 16 16 16 541 1023 53 1 1 1 1 24 16 16 16 17 17 17 16 16 61 1023 247 1 1 1 1 25 17 17 17 17 17 17 16 16 53 799 16 1 1 1 1 24 16 16 16 17 53 49 16 53 17 21 16 1 1 1 1 24 16 16 16 113 117 16 16 17 17 16 16 1 1 1 1 24 16 17 49 117 117 17 17 16 16 16 16 1 1 1 1 24 17 17 49 97 117 53 113 16 16 16 16 1 1 1 1 24 17 17 17 1 117 119 375 382 54 190 62 1 1 1 1 24 16 16 113 1 21 119 119 126 382 318 54 1 1 787 30 Star Wars
1 1 24 16 16 16 16 16 16 16 16 573 1023 53 1 1 1 1 24 16 16 16 17 17 17 16 16 61 1023 245 1 1 1 1 25 17 17 17 17 17 17 16 16 53 895 16 1 1 1 1 24 16 16 16 49 53 53 16 52 17 21 16 1 1 1 1 24 16 16 16 117 117 16 16 16 17 16 16 1 1 1 1 24 16 17 49 117 85 16 16 16 16 16 16 1 1 1 1 24 17 17 49 65 117 53 49 16 16 16 16 1 1 1 1 24 17 17 17 1 117 119 127 382 54 190 30 1 1 1 1 24 16 16 17 1 21 119 119 62 382 318 54 1 1 788 30 Star Wars
1 1 24 16 16 16 16 16 16 16 16 541 1023 53 1 1 1 1 25 16 16 16 17 17 17 16 16 61 1023 245 1 1 1 1 25 17 17 17 17 17 17 16 20 53 799 16 1 1 1 1 24 16 16 16 17 53 53 16 21 17 21 16 1 1 1 1 24 16 16 17 113 117 17 16 17 17 17 16 1 1 1 1 24 17 17 17 85 117 17 16 16 16 16 16 1 1 1 1 24 17 17 113 65 117 21 49 16 16 16 16 1 1 1 1 24 17 17 17 1 117 119 127 382 62 190 30 1 1 1 1 24 16 16 113 1 53 119 119 62 382 318 54 1 1 789 30 Star Wars
1 1 24 16 16 16 16 16 16 16 16 541 1023 53 1 1 1 1 24 16 16 16 16 17 16 16 16 61 1023 117 1 1 1 1 25 17 17 17 17 17 17 16 48 21 1023 16 1 1 1 1 24 16 16 16 49 49 49 16 21 21 17 16 1 1 1 1 24 16 16 16 113 117 16 16 17 17 16 16 1 1 1 1 16 16 17 49 117 117 21 16 16 16 16 16 1 1 1 1 24 17 17 113 65 113 21 16 16 16 16 16 1 1 1 1 24 16 17 49 1 85 119 127 382 54 446 30 1 1 1 1 24 16 16 17 1 21 119 119 126 382 318 54 1 1 790 30 Star Wars
1 1 24 16 16 16 16 16 16 16 16 541 1023 49 1 1 1 1 16 16 16 16 16 17 16 16 16 29 1023 117 1 1 1 1 25 17 17 17 17 17 17 16 17 21 895 16 1 1 1 1 24 16 16 16 49 49 49 16 20 17 21 16 1 1 1 1 24 16 16 16 113 117 16 16 16 17 16 16 1 1 1 1 24 16 17 49 117 117 21 16 16 16 16 16 1 1 1 1 24 17 16 113 65 113 53 16 16 16 16 16 1 1 1 1 24 17 17 17 1 117 119 63 118 54 190 62 1 1 1 1 16 16 16 17 1 53 119 375 118 382 318 54 1 1 791 30 Star Wars
1 1 24 16 16 16 16 16 16 16 16 541 991 49 1 1 1 1 16 16 16 16 17 17 16 16 16 61 1023 119 1 1 1 1 25 17 17 17 17 17 17 16 21 21 799 16 1 1 1 1 24 16 16 16 49 49 53 16 16 17 16 16 1 1 1 1 24 16 16 17 113 117 16 16 17 17 16 16 1 1 1 1 24 17 17 49 101 117 21 16 16 16 16 16 1 1 1 1 24 17 16 113 65 97 53 16 16 16 16 16 1 1 1 1 16 17 17 17 1 117 119 127 310 62 310 62 1 1 1 1 24 16 16 49 33 53 119 55 54 382 1014 54 1 1 792 30 Star Wars
1 1 24 16 16 16 16 16 16 16 16 541 1023 49 1 1 1 1 24 16 16 16 17 17 16 16 16 29 1023 119 1 1 1 1 25 17 17 17 17 17 17 16 53 21 959 16 1 1 1 1 24 16 16 17 53 49 49 16 17 17 17 16 1 1 1 1 24 16 16 49 113 117 16 16 17 17 16 16 1 1 1 1 24 16 17 113 69 117 21 16 16 16 16 16 1 1 1 1 24 17 17 113 65 113 21 16 16 16 16 16 1 1 1 1 24 17 17 49 1 117 119 62 310 62 318 62 1 1 1 1 24 16 16 49 21 53 119 54 126 382 310 54 1 1 793 30 Star Wars
1 1 24 16 16 16 16 16 16 16 16 541 1023 49 1 1 1 1 24 16 16 16 17 17 16 16 17 29 1023 119 1 1 1 1 25 17 17 17 17 17 17 16 21 21 959 16 1 1 1 1 16 16 16 49 117 49 53 16 16 17 16 16 1 1 1 1 24 16 16 49 117 53 16 16 16 17 16 16 1 1 1 1 24 17 17 113 69 117 21 16 16 16 16 16 1 1 1 1 24 17 17 113 65 117 21 16 16 16 16 16 1 1 1 1 24 17 17 17 117 53 119 62 310 126 446 62 1 1 1 1 24 16 16 49 53 17 119 50 62 382 830 54 1 1 794 30 Star Wars
1 1 24 16 16 16 16 16 16 16 16 541 991 49 1 1 1 1 24 16 16 16 17 17 16 16 21 29 1023 119 1 1 1 1 25 17 17 17 17 17 17 16 21 21 863 16 1 1 1 1 16 16 16 117 117 49 16 16 16 17 16 16 1 1 1 1 24 16 16 117 117 53 16 16 16 17 16 16 1 1 1 1 24 17 16 113 101 117 53 16 16 16 16 16 1 1 1 1 24 17 16 113 65 117 21 16 16 16 16 16 1 1 1 1 24 17 17 49 117 117 55 62 310 54 446 62 1 1 1 1 24 16 17 49 53 53 119 50 118 894 286 54 1 1 795 30 Star Wars
1 1 24 16 16 16 16 16 16 16 16 541 1023 49 1 1 1 1 25 16 16 16 17 17 17 16 21 29 1023 119 1 1 1 1 25 17 17 17 25 17 17 16 21 21 1023 16 1 1 1 1 16 16 16 53 113 49 16 17 21 17 16 16 1 1 1 1 24 16 16 117 117 53 16 16 17 17 16 16 1 1 1 1 24 17 17 117 101 117 53 16 16 16 16 16 1 1 1 1 24 17 17 117 65 117 21 16 16 16 16 16 1 1 1 1 24 25 17 17 53 117 119 62 310 54 446 62 1 1 1 1 24 16 17 17 53 53 119 50 382 382 830 54 1 1 796 30 Star Wars
1 1 16 16 16 16 16 16 16 16 16 541 1023 49 1 1 1 1 16 16 16 16 17 17 16 16 21 29 1023 119 1 1 1 1 25 17 17 17 17 17 17 16 21 21 991 16 1 1 1 1 24 16 16 117 113 49 16 17 20 17 16 16 1 1 1 1 24 16 16 117 49 53 16 16 17 17 16 16 1 1 1 1 24 17 16 113 101 117 49 16 16 16 16 16 1 1 1 1 24 17 17 113 69 85 17 16 16 16 16 16 1 1 1 1 24 17 17 49 117 117 63 62 310 118 190 62 1 1 1 1 24 16 17 17 117 53 55 26 374 382 318 54 1 1 797 30 Star Wars
1 1 24 16 16 16 16 16 16 16 16 541 1023 49 1 1 1 1 24 16 16 16 17 17 16 16 21 29 1023 119 1 1 1 1 25 17 17 17 17 17 17 16 21 21 511 16 1 1 1 1 24 16 16 53 113 49 16 16 20 21 16 16 1 1 1 1 24 16 16 117 113 53 16 16 17 17 16 16 1 1 1 1 24 17 16 113 97 117 16 16 16 16 16 16 1 1 1 1 24 17 17 113 101 117 21 16 16 16 16 16 1 1 1 1 24 17 17 49 117 117 63 62 310 126 446 62 1 1 1 1 24 16 17 17 117 53 23 50 118 382 310 54 1 1 798 30 Star Wars
1 1 24 16 16 16 16 16 16 16 16 541 1023 49 1 1 1 1 24 16 16 16 17 17 16 16 21 29 1023 119 1 1 1 1 25 17 17 17 17 17 16 16 21 21 991 17 1 1 1 1 24 16 16 49 49 17 16 17 21 17 16 16 1 1 1 1 24 16 16 117 117 113 16 16 17 17 16 16 1 1 1 1 24 17 16 113 101 117 16 16 16 16 16 16 1 1 1 1 24 17 49 113 117 117 17 16 16 16 16 16 1 1 1 1 24 17 49 17 113 117 55 62 438 62 190 62 1 1 1 1 24 16 113 17 117 53 55 122 118 894 318 54 1 1 800 30 Star Wars
1 1 24 16 16 16 16 16 16 16 16 541 1023 49 1 1 1 1 24 16 16 16 17 17 16 16 21 29 1023 119 1 1 1 1 25 17 17 17 17 17 16 16 21 21 991 16 1 1 1 1 24 16 16 49 49 17 16 16 20 17 16 16 1 1 1 1 24 16 16 49 117 113 16 16 17 17 16 16 1 1 1 1 24 17 16 113 113 113 16 16 16 16 16 16 1 1 1 1 24 17 113 113 117 117 17 16 16 16 16 16 1 1 1 1 24 17 49 49 113 117 55 126 438 62 254 62 1 1 1 1 24 16 113 17 49 53 55 50 118 894 318 54 1 1 801 30 Star Wars
1 1 24 16 16 16 16 16 16 16 16 541 1023 49 1 1 1 1 24 16 16 16 17 17 16 16 21 29 1023 119 1 1 1 1 25 17 17 17 17 17 16 16 21 21 991 17 1 1 1 1 24 16 16 49 53 16 16 20 17 17 16 16 1 1 1 1 24 16 16 48 117 113 16 16 16 16 16 16 1 1 1 1 24 17 53 48 113 113 16 16 16 16 16 16 1 1 1 1 24 17 117 48 117 117 16 16 16 16 16 16 1 1 1 1 24 17 49 53 113 117 63 382 438 62 182 318 1 1 1 1 24 16 81 17 49 53 55 50 62 894 318 54 1 1 802 30 Star Wars
1 1 24 16 16 16 16 16 16 16 16 573 1023 49 1 1 1 1 25 16 16 16 17 17 16 16 21 29 1023 119 1 1 1 1 25 17 17 17 17 17 16 16 21 21 991 17 1 1 1 1 24 16 16 49 49 16 16 21 17 29 16 16 1 1 1 1 24 16 17 17 117 113 16 16 17 17 16 16 1 1 1 1 24 17 53 48 113 113 16 16 16 16 16 16 1 1 1 1 24 17 117 117 117 117 17 16 16 16 16 16 1 1 1 1 25 17 113 117 117 117 311 382 54 62 254 62 1 1 1 1 24 16 81 81 49 49 63 58 62 894 830 54 1 1 803 30 Star Wars
1 1 24 16 16 16 16 16 16 16 16 541 1023 49 1 1 1 1 24 16 16 16 17 17 16 16 21 61 1023 119 1 1 1 1 25 17 17 17 17 17 16 16 21 21 799 17 1 1 1 1 16 16 16 49 49 16 16 16 21 17 16 17 1 1 1 1 24 16 16 48 113 113 16 16 17 16 16 16 1 1 1 1 25 17 49 48 113 113 16 16 16 16 16 16 1 1 1 1 24 17 113 113 117 117 17 16 16 16 16 16 1 1 1 1 25 17 113 113 53 117 55 62 310 62 182 58 1 1 1 1 24 16 17 81 49 49 55 50 126 894 822 54 1 1 804 30 Star Wars
1 1 24 16 16 16 16 16 16 16 16 541 1023 53 1 1 1 1 24 16 16 16 17 17 16 16 21 61 1023 119 1 1 1 1 25 17 17 17 17 17 16 16 21 21 991 17 1 1 1 1 16 16 16 49 49 16 16 16 21 17 16 16 1 1 1 1 24 16 16 48 49 113 16 16 16 16 16 16 1 1 1 1 25 17 17 49 113 113 16 16 16 16 16 16 1 1 1 1 25 17 49 117 113 117 16 16 16 16 16 16 1 1 1 1 25 17 81 117 48 117 55 374 62 62 254 62 1 1 1 1 24 16 81 65 49 49 23 114 126 894 382 54 1 1 805 30 Star Wars
1 1 16 16 16 16 16 16 16 16 16 541 1023 53 1 1 1 1 24 16 16 16 17 17 16 16 21 125 1023 119 1 1 1 1 25 17 17 17 17 17 16 16 21 21 991 53 1 1 1 1 24 16 16 49 49 16 16 16 21 17 16 49 1 1 1 1 24 16 16 49 49 113 16 16 17 16 16 16 1 1 1 1 25 17 17 49 113 113 16 16 16 16 16 16 1 1 1 1 25 17 81 117 113 117 16 16 16 16 16 16 1 1 1 1 25 17 81 117 53 117 63 382 310 62 446 62 1 1 1 1 24 17 49 65 49 49 55 114 126 894 382 54 1 1 806 30 Star Wars
1 1 24 16 16 16 16 16 16 16 16 541 1023 53 1 1 1 1 24 16 16 16 17 17 16 16 21 573 1023 895 1 1 1 1 25 17 17 17 17 17 16 16 21 21 991 21 1 1 1 1 24 16 16 49 49 16 16 17 21 17 16 17 1 1 1 1 24 16 16 49 49 49 16 17 17 16 16 17 1 1 1 1 25 17 17 49 49 113 16 16 16 16 16 16 1 1 1 1 25 17 17 117 53 117 17 16 16 16 16 16 1 1 1 1 25 17 17 113 117 53 63 62 318 62 254 62 1 1 1 1 24 16 17 65 113 113 23 58 382 894 382 54 1 1 807 30 Star Wars
1 1 24 16 16 16 16 16 16 16 16 541 1023 53 1 1 1 1 24 16 16 16 17 17 16 16 21 29 1023 511 1 1 1 1 25 17 17 17 17 17 16 17 21 21 991 21 1 1 1 1 24 16 16 49 49 16 16 16 21 17 16 17 1 1 1 1 16 16 16 49 49 17 16 17 16 16 16 16 1 1 1 1 25 17 17 49 16 113 16 16 16 16 16 16 1 1 1 1 25 17 49 117 117 113 49 16 16 16 16 16 1 1 1 1 25 16 49 65 117 49 127 62 318 62 254 62 1 1 1 1 24 16 17 65 113 113 22 54 382 894 382 54 1 1 808 30 Star Wars
1 1 24 16 16 16 16 16 16 16 16 541 1023 53 1 1 1 1 24 16 16 16 17 17 16 17 21 573 1023 247 1 1 1 1 25 17 17 17 17 17 16 21 21 21 991 21 1 1 1 1 24 16 16 17 49 16 16 16 21 17 16 17 1 1 1 1 24 16 16 53 49 16 16 17 17 16 16 16 1 1 1 1 17 16 17 49 16 113 16 16 16 16 16 16 1 1 1 1 25 16 49 113 117 113 49 16 16 16 16 16 1 1 1 1 25 16 17 65 117 49 63 54 310 62 254 62 1 1 1 1 16 16 17 65 65 113 23 22 118 318 1014 310 1 1 809 30 Star Wars
1 1 24 16 16 16 16 16 16 16 20 541 1023 52 1 1 1 1 24 16 16 16 17 17 16 21 21 573 1023 503 1 1 1 1 25 17 17 17 17 17 16 21 29 17 1023 21 1 1 1 1 24 16 16 17 49 17 17 17 29 16 16 17 1 1 1 1 16 16 16 117 49 17 16 17 17 16 16 17 1 1 1 1 25 16 17 49 53 113 16 16 16 16 16 16 1 1 1 1 25 16 17 65 117 117 49 16 16 16 16 16 1 1 1 1 25 16 17 65 117 113 63 31 318 62 182 62 1 1 1 1 24 16 17 65 65 113 119 22 126 382 382 54 1 1 810 30 Star Wars
1 1 24 16 16 16 16 16 16 16 16 541 1023 52 1 1 1 1 24 16 16 16 17 17 16 21 21 573 1023 503 1 1 1 1 25 17 17 17 17 17 16 21 21 17 991 21 1 1 1 1 16 16 16 16 49 17 16 20 17 16 16 17 1 1 1 1 16 16 16 49 49 17 16 17 16 16 16 16 1 1 1 1 24 16 16 49 49 49 16 16 16 16 16 16 1 1 1 1 24 16 17 65 117 49 17 16 16 16 16 16 1 1 1 1 25 16 17 65 113 113 55 63 54 62 126 62 1 1 1 1 24 16 17 65 65 113 55 22 374 382 374 54 1 1 811 30 Star Wars
1 1 24 16 16 16 16 16 16 16 20 541 1023 20 1 1 1 1 24 16 16 16 16 17 16 21 21 61 1023 503 1 1 1 1 25 17 17 17 17 17 16 21 21 17 1023 21 1 1 1 1 16 16 16 16 49 17 16 20 17 16 16 17 1 1 1 1 16 16 16 17 53 16 16 17 16 16 16 16 1 1 1 1 25 16 16 17 113 16 16 16 16 16 16 16 1 1 1 1 25 16 17 17 117 49 17 16 16 16 16 16 1 1 1 1 25 16 17 65 65 117 55 63 62 190 318 62 1 1 1 1 16 16 17 1 65 65 55 22 126 382 886 54 1 1 812 30 Star Wars
1 1 24 16 16 16 16 16 16 16 20 541 1023 20 1 1 1 1 24 16 16 16 16 17 16 21 21 61 959 503 1 1 1 1 25 17 17 17 17 17 17 21 21 17 1023 21 1 1 1 1 24 16 16 17 17 17 16 21 17 16 16 17 1 1 1 1 24 16 16 17 53 49 16 17 16 16 16 16 1 1 1 1 25 16 16 17 113 48 16 16 16 16 16 16 1 1 1 1 25 16 17 81 113 117 17 17 16 16 16 16 1 1 1 1 25 16 17 65 65 117 119 55 62 62 126 190 1 1 1 1 16 16 17 1 65 65 119 23 62 382 830 310 1 1 813 30 Star Wars
1 1 24 16 16 16 16 16 16 16 20 541 1023 20 1 1 1 1 24 16 16 16 16 17 16 21 21 573 959 503 1 1 1 1 25 17 17 17 17 17 17 21 21 17 287 21 1 1 1 1 24 16 16 16 17 17 17 21 17 16 16 17 1 1 1 1 24 16 16 16 49 49 16 17 16 16 16 16 1 1 1 1 25 16 16 17 113 48 16 16 16 16 16 16 1 1 1 1 24 16 17 81 97 117 17 17 16 16 16 16 1 1 1 1 25 16 17 65 65 113 119 55 62 62 62 186 1 1 1 1 16 16 49 1 65 65 119 23 318 310 286 126 1 1 814 30 Star Wars
1 1 24 16 16 16 16 16 16 20 20 541 1023 20 1 1 1 1 24 16 16 16 16 16 16 21 21 61 959 503 1 1 1 1 25 17 17 17 17 17 17 21 21 17 511 21 1 1 1 1 24 16 16 16 17 17 17 21 17 16 17 16 1 1 1 1 24 16 16 16 49 49 16 16 16 16 16 16 1 1 1 1 24 16 16 17 49 113 16 16 16 16 16 16 1 1 1 1 24 16 16 17 1 117 17 17 16 16 16 16 1 1 1 1 24 16 17 17 65 113 119 63 126 62 254 318 1 1 1 1 24 16 17 1 65 65 119 23 62 318 318 54 1 1 815 30 Star Wars
1 1 24 16 16 16 16 20 20 17 52 541 1023 16 1 1 1 1 24 16 16 16 17 21 21 16 20 61 1023 119 1 1 1 1 24 16 16 17 17 21 21 16 21 21 991 16 1 1 1 1 24 16 16 17 17 17 21 16 17 17 16 16 1 1 1 1 24 16 17 49 117 16 16 16 16 17 16 16 1 1 1 1 24 16 17 49 117 16 16 16 16 16 16 16 1 1 1 1 24 16 81 65 113 16 16 16 16 16 16 16 1 1 1 1 24 16 17 65 117 117 62 54 374 126 126 286 1 1 1 1 24 16 17 65 65 113 23 50 118 318 382 54 1 1 833 30 Star Wars
1 1 24 16 16 16 16 16 21 21 53 541 991 16 1 1 1 1 24 16 16 17 17 21 21 16 21 573 1023 119 1 1 1 1 24 16 17 17 17 21 21 16 21 21 991 16 1 1 1 1 24 16 16 17 17 21 17 16 17 17 16 16 1 1 1 1 24 16 17 53 53 16 16 16 16 17 17 16 1 1 1 1 24 16 17 113 117 16 16 16 16 16 16 16 1 1 1 1 24 16 81 65 117 16 16 16 16 16 16 16 1 1 1 1 24 16 17 65 117 49 54 126 382 54 126 318 1 1 1 1 24 16 17 65 97 113 23 50 118 318 894 54 1 1 834 30 Star Wars
1 1 24 16 16 16 16 16 21 17 21 541 991 16 1 1 1 1 24 16 16 17 17 21 20 16 20 573 1023 119 1 1 1 1 24 16 16 17 17 21 21 16 21 21 1023 16 1 1 1 1 24 16 16 17 17 17 17 16 17 17 16 16 1 1 1 1 24 16 17 53 53 16 16 16 16 16 17 16 1 1 1 1 24 16 17 113 53 48 16 16 16 16 16 16 1 1 1 1 24 16 81 65 113 48 16 16 16 16 16 16 1 1 1 1 24 16 81 65 117 16 54 62 126 310 126 278 1 1 1 1 24 16 17 65 117 49 23 18 118 318 342 22 1 1 835 30 Star Wars
1 1 24 16 16 16 16 16 21 17 52 541 991 16 1 1 1 1 24 16 16 16 17 21 20 16 20 573 1023 119 1 1 1 1 24 16 16 17 17 21 21 16 21 21 991 16 1 1 1 1 24 16 16 17 17 21 21 16 17 17 16 16 1 1 1 1 24 16 17 53 53 16 16 16 16 16 16 16 1 1 1 1 24 16 49 113 16 17 16 16 16 16 16 16 1 1 1 1 24 16 81 97 117 49 16 16 16 16 16 16 1 1 1 1 24 16 17 65 117 16 62 62 382 438 126 278 1 1 1 1 24 16 17 65 117 49 23 50 126 318 382 54 1 1 836 30 Star Wars
1 1 16 16 16 16 16 16 21 17 53 541 1023 16 1 1 1 1 24 16 16 16 16 20 20 16 20 541 1023 119 1 1 1 1 24 16 16 17 17 21 21 16 21 17 287 16 1 1 1 1 24 16 16 17 17 29 17 16 21 17 16 16 1 1 1 1 24 16 17 53 53 16 16 16 16 16 16 16 1 1 1 1 24 16 17 53 16 49 16 16 16 16 16 16 1 1 1 1 24 16 81 113 117 49 16 16 16 16 16 16 1 1 1 1 24 16 17 69 117 16 62 62 310 382 126 278 1 1 1 1 24 16 17 65 117 49 22 54 126 318 382 22 1 1 837 30 Star Wars
1 1 16 16 16 16 16 16 21 53 53 541 1023 16 1 1 1 1 24 16 16 16 16 21 20 17 20 541 1023 119 1 1 1 1 24 16 16 17 17 21 21 16 17 21 991 16 1 1 1 1 24 16 17 17 17 21 17 16 21 25 16 16 1 1 1 1 24 16 17 53 53 20 17 16 17 16 17 16 1 1 1 1 24 16 17 53 16 49 16 16 16 17 16 16 1 1 1 1 24 16 81 117 117 49 16 16 16 16 16 16 1 1 1 1 24 16 17 65 117 17 54 54 182 62 126 318 1 1 1 1 24 16 17 65 117 49 22 22 126 318 318 62 1 1 838 30 Star Wars
1 1 16 16 16 16 16 16 21 17 53 541 1023 16 1 1 1 1 24 16 16 16 16 20 20 17 21 541 1023 119 1 1 1 1 24 16 16 17 17 21 21 16 17 21 991 16 1 1 1 1 24 16 16 17 17 21 21 16 21 21 16 16 1 1 1 1 24 16 16 53 53 16 16 16 16 16 16 16 1 1 1 1 24 16 17 53 16 17 16 16 16 16 16 16 1 1 1 1 24 16 17 113 49 49 16 16 16 16 16 16 1 1 1 1 24 16 17 65 117 16 246 54 318 374 382 318 1 1 1 1 24 16 17 65 117 53 62 22 62 382 318 54 1 1 839 30 Star Wars
1 1 24 16 16 16 16 16 21 17 21 541 1023 16 1 1 1 1 24 16 16 16 16 20 21 17 21 541 1023 117 1 1 1 1 24 16 16 17 17 21 20 16 21 17 991 16 1 1 1 1 24 16 16 17 17 21 21 16 21 21 16 16 1 1 1 1 24 16 16 53 21 21 20 16 17 17 16 16 1 1 1 1 24 16 17 53 16 17 16 16 16 16 16 16 1 1 1 1 24 16 49 49 113 49 16 16 16 16 16 16 1 1 1 1 24 16 17 65 117 16 62 126 54 286 62 30 1 1 1 1 24 16 17 65 117 49 22 18 318 382 502 54 1 1 840 30 Star Wars
1 1 24 16 16 16 16 16 21 49 53 541 1023 16 1 1 1 1 24 16 16 16 16 20 21 17 53 541 1023 117 1 1 1 1 24 16 16 17 17 21 21 16 21 17 991 16 1 1 1 1 24 16 16 17 17 21 21 16 21 17 16 16 1 1 1 1 24 16 16 53 53 17 21 16 17 17 16 16 1 1 1 1 24 16 17 53 52 16 16 16 16 16 17 16 1 1 1 1 24 16 81 113 53 49 16 16 16 16 16 16 1 1 1 1 24 16 17 65 117 16 62 62 62 126 126 30 1 1 1 1 24 16 49 65 113 17 22 18 62 382 382 62 1 1 841 30 Star Wars
1 1 24 16 16 16 16 16 21 17 21 541 1023 16 1 1 1 1 24 16 16 16 16 16 21 17 53 541 1023 117 1 1 1 1 24 16 16 17 17 21 20 16 20 17 991 16 1 1 1 1 24 16 16 17 17 21 21 16 21 21 16 16 1 1 1 1 24 16 16 17 49 21 21 16 17 17 16 16 1 1 1 1 24 16 17 53 52 16 16 16 17 16 17 16 1 1 1 1 24 16 17 49 49 49 16 16 16 16 16 16 1 1 1 1 24 16 17 65 117 48 62 54 382 126 62 318 1 1 1 1 24 16 49 65 117 49 22 18 62 318 830 54 1 1 842 30 Star Wars
1 1 28 16 16 16 16 16 21 49 21 541 1023 16 1 1 1 1 24 16 16 16 16 16 21 17 53 573 959 117 1 1 1 1 24 16 16 17 17 21 20 16 20 17 831 16 1 1 1 1 24 16 16 17 17 21 21 16 21 21 16 16 1 1 1 1 24 16 16 17 17 21 17 16 21 17 16 16 1 1 1 1 24 16 16 53 21 16 16 16 16 16 16 16 1 1 1 1 24 16 17 49 16 49 16 16 16 16 16 16 1 1 1 1 24 16 17 49 117 49 62 62 382 374 62 310 1 1 1 1 24 16 17 65 117 49 22 30 126 318 958 54 1 1 843 30 Star Wars
1 1 28 16 16 16 16 16 17 49 16 541 1023 16 1 1 1 1 24 16 16 16 16 16 21 17 53 541 1023 117 1 1 1 1 24 16 16 16 16 20 20 16 16 17 991 16 1 1 1 1 24 16 16 17 17 21 21 16 21 21 16 16 1 1 1 1 24 16 16 17 17 21 21 16 21 17 16 16 1 1 1 1 24 16 16 53 21 16 16 16 16 16 16 16 1 1 1 1 24 16 17 53 16 49 16 16 16 16 16 16 1 1 1 1 24 16 81 113 113 49 54 62 382 382 62 286 1 1 1 1 24 16 17 65 117 48 22 54 86 382 894 54 1 1 844 30 Star Wars
1 1 28 16 17 16 16 16 49 113 17 541 1023 16 1 1 1 1 24 16 16 16 16 16 21 49 53 29 1023 117 1 1 1 1 24 16 16 16 16 20 20 21 20 17 991 16 1 1 1 1 24 16 17 17 17 21 21 16 21 21 16 16 1 1 1 1 24 16 17 17 17 21 21 16 21 21 16 16 1 1 1 1 24 16 16 53 21 17 20 16 17 16 17 16 1 1 1 1 24 16 17 53 17 49 16 16 17 17 16 16 1 1 1 1 24 16 81 117 113 49 54 62 382 318 318 318 1 1 1 1 24 16 85 65 117 16 22 22 374 382 510 118 1 1 845 30 Star Wars
1 1 28 16 16 16 16 16 49 113 16 541 1023 16 1 1 1 1 28 16 16 16 16 16 21 16 53 541 1023 119 1 1 1 1 24 16 16 16 16 20 21 16 21 17 1023 16 1 1 1 1 24 16 17 17 17 21 20 16 17 21 16 16 1 1 1 1 24 16 17 17 17 21 21 16 21 21 16 16 1 1 1 1 24 16 16 53 16 17 16 16 16 16 16 16 1 1 1 1 24 16 16 53 17 17 16 16 16 16 16 16 1 1 1 1 24 16 17 53 48 49 318 318 54 310 62 310 1 1 1 1 24 16 85 65 117 16 54 22 126 894 894 54 1 1 846 30 Star Wars
1 1 28 16 17 16 16 16 49 113 48 541 1023 16 1 1 1 1 28 16 16 16 16 16 21 17 53 573 991 119 1 1 1 1 24 16 16 16 16 20 21 16 17 17 479 16 1 1 1 1 24 16 16 17 17 21 20 16 17 21 16 16 1 1 1 1 24 16 17 17 17 21 21 16 21 21 16 16 1 1 1 1 24 16 16 53 17 17 20 16 17 17 16 16 1 1 1 1 24 16 16 53 17 17 16 16 16 16 16 16 1 1 1 1 24 16 49 53 48 49 62 62 310 318 446 286 1 1 1 1 24 16 85 97 117 49 62 118 54 382 318 54 1 1 847 30 Star Wars
1 1 25 17 17 16 16 16 49 113 17 541 1023 16 1 1 1 1 28 16 16 16 16 16 21 49 53 573 1023 119 1 1 1 1 24 16 16 16 16 16 21 53 53 17 991 16 1 1 1 1 24 16 16 17 17 21 21 16 17 21 16 16 1 1 1 1 24 16 17 17 17 21 21 16 21 21 16 16 1 1 1 1 24 16 17 21 21 21 17 16 17 17 16 16 1 1 1 1 24 16 17 53 17 17 16 16 17 17 17 16 1 1 1 1 24 16 17 53 17 113 310 62 318 374 510 310 1 1 1 1 24 16 85 113 117 49 62 18 62 894 318 54 1 1 848 30 Star Wars
1 1 24 16 17 16 16 16 49 113 16 541 1023 16 1 1 1 1 24 16 16 16 16 16 21 49 21 829 991 119 1 1 1 1 24 16 16 16 16 16 21 17 53 17 927 16 1 1 1 1 24 16 16 17 17 21 20 16 16 17 16 16 1 1 1 1 24 16 17 17 17 21 21 16 21 21 16 16 1 1 1 1 24 16 16 49 17 17 21 16 17 17 16 16 1 1 1 1 24 16 17 53 17 21 16 16 16 16 17 16 1 1 1 1 24 16 17 53 49 49 54 126 318 54 382 310 1 1 1 1 24 16 85 117 113 49 62 22 126 382 318 54 1 1 849 30 Star Wars
1 1 25 16 16 16 16 16 49 113 48 541 1023 16 1 1 1 1 28 16 17 16 16 16 21 49 52 573 1023 119 1 1 1 1 24 16 16 16 16 16 21 17 21 17 991 16 1 1 1 1 24 16 16 17 17 21 20 16 16 17 16 16 1 1 1 1 24 16 17 17 17 21 21 16 21 21 16 16 1 1 1 1 24 16 17 17 49 21 21 16 17 17 16 16 1 1 1 1 24 16 17 53 53 53 16 16 16 16 16 16 1 1 1 1 24 16 17 53 49 49 54 62 310 54 510 318 1 1 1 1 24 16 81 53 113 49 54 54 286 382 438 54 1 1 850 30 Star Wars
1 1 24 16 16 16 16 16 49 113 48 541 1023 16 1 1 1 1 25 17 17 16 16 16 53 117 52 573 1023 119 1 1 1 1 24 16 16 16 16 16 21 17 21 17 1023 16 1 1 1 1 24 16 16 17 16 21 20 16 20 17 16 16 1 1 1 1 24 16 17 17 17 21 21 16 21 17 16 16 1 1 1 1 24 16 25 17 17 21 21 16 21 17 16 16 1 1 1 1 24 16 17 53 53 52 16 16 16 16 16 16 1 1 1 1 24 16 49 53 113 113 62 62 310 54 254 318 1 1 1 1 24 16 85 117 49 49 30 118 318 382 382 54 1 1 851 30 Star Wars
1 1 24 16 16 16 16 16 49 113 48 541 1023 16 1 1 1 1 29 17 17 16 16 16 49 117 53 573 1023 119 1 1 1 1 24 16 16 16 16 16 21 17 53 17 991 16 1 1 1 1 24 16 16 17 16 21 20 16 16 17 16 16 1 1 1 1 24 16 17 17 17 21 21 16 21 21 16 16 1 1 1 1 24 16 17 21 17 21 21 16 53 21 16 16 1 1 1 1 24 16 49 53 53 20 16 16 17 17 17 16 1 1 1 1 24 16 17 53 113 117 62 30 318 62 446 310 1 1 1 1 24 16 113 117 113 113 62 118 310 382 382 22 1 1 852 30 Star Wars
1 1 24 16 16 16 16 16 113 113 16 541 1023 16 1 1 1 1 29 17 17 16 16 16 49 117 49 573 1023 119 1 1 1 1 24 16 16 16 16 16 21 17 53 17 991 16 1 1 1 1 24 16 16 17 16 21 20 16 20 21 16 16 1 1 1 1 24 16 17 17 17 21 21 16 21 21 16 16 1 1 1 1 24 16 17 21 17 17 21 16 21 21 16 16 1 1 1 1 24 16 17 53 117 20 17 16 17 16 17 16 1 1 1 1 24 16 17 53 117 117 54 30 310 62 382 318 1 1 1 1 24 16 113 117 113 113 62 118 318 382 894 22 1 1 853 30 Star Wars
1 1 24 16 16 16 16 16 49 113 16 541 1023 16 1 1 1 1 29 17 17 16 16 16 113 117 49 541 1023 639 1 1 1 1 24 16 16 16 16 16 21 17 53 17 991 16 1 1 1 1 24 16 16 17 16 21 21 16 20 16 16 16 1 1 1 1 24 16 17 17 17 21 21 16 21 21 16 16 1 1 1 1 24 16 17 53 17 21 21 16 21 17 16 16 1 1 1 1 24 16 53 53 117 20 16 16 17 16 17 16 1 1 1 1 24 16 17 53 113 117 54 62 310 30 382 318 1 1 1 1 24 16 113 113 113 113 30 118 286 382 830 54 1 1 854 30 Star Wars
1 1 25 16 16 16 16 16 49 113 48 541 991 16 1 1 1 1 29 17 17 16 16 16 49 117 49 541 1023 127 1 1 1 1 24 16 16 16 16 16 21 49 53 17 991 16 1 1 1 1 24 16 16 17 16 21 21 17 20 16 16 16 1 1 1 1 24 16 17 17 17 21 21 16 21 21 16 16 1 1 1 1 25 17 17 21 17 21 21 16 21 17 16 16 1 1 1 1 24 16 53 53 117 20 17 16 17 17 17 16 1 1 1 1 24 16 17 21 113 117 54 54 318 31 382 310 1 1 1 1 24 16 81 117 113 113 62 22 382 382 382 54 1 1 855 30 Star Wars
1 1 25 16 16 16 16 16 49 49 16 541 1023 16 1 1 1 1 25 17 17 16 16 16 49 117 49 541 1023 639 1 1 1 1 24 16 16 16 16 16 21 17 53 17 991 16 1 1 1 1 24 16 16 16 16 21 21 17 20 16 16 16 1 1 1 1 24 16 17 17 17 21 21 16 17 17 16 16 1 1 1 1 24 16 17 21 17 21 21 16 21 21 16 16 1 1 1 1 24 16 53 21 117 53 16 16 17 17 17 16 1 1 1 1 24 16 17 21 113 117 54 310 310 63 382 318 1 1 1 1 24 16 81 113 113 113 62 22 374 382 318 54 1 1 856 30 Star Wars
1 1 25 16 16 16 16 16 17 49 16 541 991 16 1 1 1 1 25 17 17 16 16 16 49 117 49 541 1023 895 1 1 1 1 24 16 16 16 16 16 21 17 53 17 1023 16 1 1 1 1 24 16 16 16 16 21 21 17 21 16 16 16 1 1 1 1 24 16 17 17 17 21 21 16 17 21 16 16 1 1 1 1 25 17 17 17 17 21 21 16 53 17 16 16 1 1 1 1 24 16 49 16 117 53 16 16 17 17 17 16 1 1 1 1 24 16 17 53 113 117 62 54 62 63 382 286 1 1 1 1 24 16 17 53 117 117 54 18 126 382 318 54 1 1 857 30 Star Wars
1 1 25 16 16 16 16 16 49 49 16 541 991 16 1 1 1 1 25 17 17 16 16 16 49 117 53 541 1023 895 1 1 1 1 24 16 16 16 16 16 21 49 53 17 895 16 1 1 1 1 24 16 16 16 16 21 21 17 21 16 16 16 1 1 1 1 24 16 17 17 17 29 21 16 17 21 16 16 1 1 1 1 25 17 21 17 17 29 21 16 53 25 16 16 1 1 1 1 24 16 53 17 117 53 17 16 17 17 17 16 1 1 1 1 24 16 17 21 113 117 62 54 126 55 382 318 1 1 1 1 24 16 113 117 117 117 54 22 382 382 310 54 1 1 858 30 Star Wars
1 1 25 16 16 16 16 16 17 49 16 541 1023 16 1 1 1 1 25 17 17 16 16 16 117 117 49 541 1023 639 1 1 1 1 24 16 16 16 16 16 21 49 53 17 895 16 1 1 1 1 24 16 16 16 16 21 21 17 21 16 16 16 1 1 1 1 24 16 17 17 17 29 21 17 17 21 16 16 1 1 1 1 25 17 17 25 17 29 21 16 53 17 16 16 1 1 1 1 24 16 53 49 117 53 17 16 17 17 17 16 1 1 1 1 24 16 21 21 113 117 54 54 318 31 382 278 1 1 1 1 24 16 117 117 117 117 54 22 62 382 318 22 1 1 859 30 Star Wars
1 1 25 16 16 16 16 16 17 49 16 541 1023 16 1 1 1 1 25 17 17 16 16 16 113 117 17 541 1023 639 1 1 1 1 24 16 16 16 16 16 21 49 53 17 895 16 1 1 1 1 24 16 16 16 16 21 21 17 21 16 16 16 1 1 1 1 24 16 17 17 17 21 29 17 21 21 16 16 1 1 1 1 25 17 17 17 25 21 21 16 53 17 16 16 1 1 1 1 24 16 17 48 117 53 17 16 17 17 17 16 1 1 1 1 24 16 17 48 113 117 54 54 319 31 382 310 1 1 1 1 24 16 117 49 117 117 54 22 62 382 318 22 1 1 860 30 Star Wars
1 1 25 16 16 16 16 16 17 49 16 541 1023 16 1 1 1 1 25 17 17 16 16 16 49 117 17 573 959 119 1 1 1 1 24 16 16 16 16 16 21 49 21 17 895 16 1 1 1 1 24 16 16 16 16 20 21 17 17 16 16 16 1 1 1 1 24 16 17 17 17 21 21 17 17 21 16 16 1 1 1 1 25 17 17 17 17 21 21 16 21 17 16 16 1 1 1 1 24 17 17 49 117 53 16 16 17 17 17 16 1 1 1 1 24 16 49 49 113 117 118 54 55 63 382 286 1 1 1 1 24 16 117 49 117 117 54 22 382 318 318 54 1 1 861 30 Star Wars
1 1 25 16 16 16 16 16 17 49 16 541 1023 16 1 1 1 1 25 17 17 16 16 16 49 113 17 573 1023 55 1 1 1 1 24 16 16 16 16 16 17 53 49 17 1023 16 1 1 1 1 24 16 16 16 16 20 17 17 17 16 16 16 1 1 1 1 24 16 17 17 17 21 21 17 17 17 16 16 1 1 1 1 29 17 17 49 17 21 21 16 21 17 16 16 1 1 1 1 28 16 17 49 117 53 17 16 17 17 17 16 1 1 1 1 28 16 53 49 113 117 118 62 319 55 126 278 1 1 1 1 24 16 117 49 117 117 54 86 382 382 446 22 1 1 862 30 Star Wars
1 1 25 16 16 16 16 16 17 49 16 541 1023 16 1 1 1 1 25 17 17 16 16 16 49 113 17 573 1023 119 1 1 1 1 24 16 16 16 16 16 17 53 49 17 895 16 1 1 1 1 24 16 16 16 16 20 17 17 17 16 16 16 1 1 1 1 24 16 17 17 17 21 21 17 17 17 16 16 1 1 1 1 29 17 17 17 21 21 21 16 21 25 16 16 1 1 1 1 28 16 17 49 117 20 17 16 17 17 17 16 1 1 1 1 24 16 17 49 113 117 374 62 383 55 126 286 1 1 1 1 24 16 117 17 117 117 54 86 382 382 318 54 1 1 863 30 Star Wars
1 1 25 16 16 16 16 16 17 49 16 541 1023 16 1 1 1 1 25 17 17 16 16 16 49 113 17 541 991 119 1 1 1 1 24 16 16 16 16 16 17 49 49 17 1023 16 1 1 1 1 24 16 16 16 16 21 17 17 17 16 16 16 1 1 1 1 24 16 17 17 17 21 21 17 17 17 16 16 1 1 1 1 25 17 17 17 21 29 21 16 21 25 16 16 1 1 1 1 24 17 17 49 117 20 17 16 17 17 17 16 1 1 1 1 24 16 17 49 117 117 126 54 319 55 126 158 1 1 1 1 24 16 113 49 117 117 62 22 318 382 382 54 1 1 864 30 Star Wars
1 1 25 16 16 16 16 16 17 49 16 541 1023 16 1 1 1 1 25 17 17 16 16 16 49 113 17 541 991 119 1 1 1 1 24 16 16 16 16 16 17 49 49 17 1023 16 1 1 1 1 24 16 16 16 16 21 17 17 17 16 16 16 1 1 1 1 24 16 17 17 17 21 21 17 17 17 16 16 1 1 1 1 25 17 17 17 21 29 21 16 21 25 16 16 1 1 1 1 24 17 17 49 117 16 17 16 17 17 17 16 1 1 1 1 24 16 17 113 117 117 126 62 319 55 126 158 1 1 1 1 24 16 117 49 117 117 62 22 318 382 382 54 1 1 865 30 Star Wars
1 1 25 16 16 16 16 16 17 49 16 541 1023 16 1 1 1 1 25 17 17 16 16 16 49 113 17 541 991 119 1 1 1 1 24 16 16 16 16 16 17 53 49 17 1023 16 1 1 1 1 24 16 16 16 16 21 17 17 17 16 16 16 1 1 1 1 24 16 17 17 17 21 21 17 17 17 16 16 1 1 1 1 25 17 17 49 21 29 21 16 21 25 16 16 1 1 1 1 24 17 17 49 117 16 17 16 17 17 17 16 1 1 1 1 24 16 17 113 117 117 126 54 319 55 126 158 1 1 1 1 24 16 117 49 117 117 62 22 318 382 382 54 1 1 866 30 Star Wars
1 1 25 16 16 16 16 16 17 49 16 541 1023 16 1 1 1 1 25 17 17 16 16 16 49 113 17 541 1023 119 1 1 1 1 24 16 16 16 16 16 17 53 49 17 1023 16 1 1 1 1 24 16 16 16 16 21 17 17 17 48 16 16 1 1 1 1 24 16 17 17 17 21 21 17 17 17 16 16 1 1 1 1 25 17 17 49 17 29 21 16 21 25 16 16 1 1 1 1 24 17 17 49 53 16 17 16 17 17 17 16 1 1 1 1 24 16 17 113 117 117 126 54 319 31 126 158 1 1 1 1 24 16 117 49 117 117 63 22 318 382 382 54 1 1 867 30 Star Wars
1 1 25 16 16 16 16 16 17 49 16 541 1023 16 1 1 1 1 25 17 17 16 16 16 49 113 17 541 1023 119 1 1 1 1 24 16 16 16 16 16 17 49 49 17 1023 16 1 1 1 1 24 16 16 16 16 21 17 17 17 16 16 16 1 1 1 1 24 16 17 17 17 21 21 17 17 17 16 16 1 1 1 1 25 17 17 49 21 29 21 16 21 25 16 16 1 1 1 1 24 16 17 49 53 16 17 16 17 17 17 16 1 1 1 1 24 16 16 113 117 117 126 54 319 55 126 158 1 1 1 1 24 16 113 49 113 117 63 22 318 382 382 54 1 1 868 30 Star Wars
1 1 25 16 16 16 16 16 17 49 16 541 1023 16 1 1 1 1 25 17 25 16 16 16 49 117 49 541 1023 55 1 1 1 1 24 16 16 16 16 16 21 49 53 17 1023 16 1 1 1 1 24 16 16 16 16 21 17 17 17 48 16 16 1 1 1 1 24 16 17 17 17 21 21 16 17 17 16 16 1 1 1 1 25 17 17 17 21 29 21 16 21 25 16 16 1 1 1 1 24 16 17 49 53 16 16 16 17 17 17 16 1 1 1 1 24 16 17 113 117 117 126 54 318 95 126 158 1 1 1 1 24 16 117 49 113 117 63 22 382 382 382 54 1 1 869 30 Star Wars
1 1 25 16 16 16 16 16 17 49 16 541 1023 16 1 1 1 1 25 17 25 16 16 16 49 113 49 541 1023 55 1 1 1 1 24 16 16 16 16 16 21 49 53 17 1023 16 1 1 1 1 24 16 16 16 16 21 17 17 17 48 16 16 1 1 1 1 24 16 17 17 17 21 21 16 21 21 16 16 1 1 1 1 25 17 17 17 21 29 21 16 21 17 16 16 1 1 1 1 24 16 49 49 53 16 17 16 17 17 17 16 1 1 1 1 24 16 16 113 117 117 126 54 319 95 126 158 1 1 1 1 24 16 53 49 113 113 63 22 382 382 382 54 1 1 870 30 Star Wars
1 1 25 16 16 16 16 16 17 49 16 541 1023 16 1 1 1 1 25 17 17 16 16 16 49 113 49 541 1023 55 1 1 1 1 24 16 16 16 16 16 17 49 21 17 1023 16 1 1 1 1 24 16 16 16 16 21 17 17 17 16 16 16 1 1 1 1 24 16 17 17 17 21 21 16 17 21 16 16 1 1 1 1 25 17 17 17 17 29 21 16 21 17 16 16 1 1 1 1 24 16 17 49 21 16 17 16 17 17 17 16 1 1 1 1 24 16 16 113 117 53 126 54 319 31 126 286 1 1 1 1 24 16 49 49 113 113 63 54 382 382 382 54 1 1 871 30 Star Wars
1 1 25 16 16 16 16 16 49 49 16 541 1023 16 1 1 1 1 25 17 17 16 16 16 49 113 49 541 1023 55 1 1 1 1 24 16 16 16 16 16 21 49 21 17 1023 16 1 1 1 1 24 16 16 16 16 21 21 17 21 16 16 16 1 1 1 1 24 16 17 17 17 21 21 17 21 17 16 16 1 1 1 1 25 17 17 17 29 29 21 16 21 17 16 16 1 1 1 1 24 16 17 49 21 16 17 16 17 17 17 16 1 1 1 1 24 16 16 113 117 53 126 54 318 63 126 286 1 1 1 1 24 16 53 49 69 113 62 54 382 382 446 54 1 1 872 30 Star Wars
1 1 25 16 16 16 16 16 49 49 16 541 1023 16 1 1 1 1 25 17 25 16 16 16 117 117 49 541 1023 119 1 1 1 1 24 16 16 16 16 16 21 49 21 17 1023 16 1 1 1 1 24 16 16 16 16 21 17 17 17 16 16 16 1 1 1 1 24 16 17 17 17 21 21 17 21 17 16 16 1 1 1 1 25 17 17 17 17 21 21 16 21 17 16 16 1 1 1 1 24 16 49 49 21 16 17 16 17 17 17 16 1 1 1 1 24 16 16 113 117 53 126 54 319 87 126 286 1 1 1 1 24 16 49 113 69 113 62 54 318 382 446 54 1 1 873 30 Star Wars
1 1 25 16 16 16 16 16 49 49 16 541 1023 16 1 1 1 1 25 17 25 16 16 16 53 113 49 541 1023 119 1 1 1 1 24 16 16 16 16 16 21 49 21 17 1023 16 1 1 1 1 24 16 16 16 16 21 17 17 16 16 16 16 1 1 1 1 24 16 17 17 17 21 21 17 21 17 16 16 1 1 1 1 25 17 17 17 17 29 21 16 21 17 16 16 1 1 1 1 24 16 49 49 17 16 17 16 17 17 17 16 1 1 1 1 24 16 16 113 117 53 126 54 319 55 126 286 1 1 1 1 24 16 21 113 65 113 62 54 318 382 446 54 1 1 874 30 Star Wars
1 1 25 16 16 16 16 16 49 49 16 541 1023 16 1 1 1 1 25 17 25 16 16 16 53 121 49 541 1023 119 1 1 1 1 24 16 16 16 16 16 21 49 21 17 1023 16 1 1 1 1 24 16 16 16 16 21 21 17 16 16 16 16 1 1 1 1 24 16 16 16 25 21 21 17 21 17 16 16 1 1 1 1 25 17 17 17 17 29 21 16 21 17 16 16 1 1 1 1 24 16 17 49 17 16 17 16 17 17 17 16 1 1 1 1 24 16 16 113 117 117 126 54 319 63 126 286 1 1 1 1 24 16 21 113 69 113 62 54 318 382 318 54 1 1 875 30 Star Wars
1 1 25 16 16 16 16 16 49 53 16 541 1023 16 1 1 1 1 25 25 25 16 16 16 53 121 17 541 1023 119 1 1 1 1 24 16 16 16 16 16 21 49 21 17 1023 16 1 1 1 1 24 16 16 16 16 21 17 17 16 16 16 16 1 1 1 1 24 16 17 16 17 21 17 17 21 17 16 16 1 1 1 1 25 17 17 17 17 29 21 16 29 17 16 16 1 1 1 1 24 16 17 49 17 16 17 16 17 17 17 16 1 1 1 1 24 17 16 113 117 53 126 54 319 63 126 286 1 1 1 1 24 16 53 113 69 113 62 54 62 382 318 55 1 1 876 30 Star Wars
1 1 25 16 16 16 16 16 49 53 16 541 1023 16 1 1 1 1 25 25 25 16 16 16 53 113 17 541 1023 119 1 1 1 1 24 16 16 16 16 16 21 49 21 17 991 16 1 1 1 1 16 16 16 16 16 21 17 17 20 16 16 16 1 1 1 1 24 16 17 16 17 21 21 17 21 17 16 16 1 1 1 1 25 17 17 17 17 25 21 16 21 17 16 16 1 1 1 1 24 16 17 49 53 17 17 16 17 17 17 16 1 1 1 1 24 16 16 113 117 117 126 54 319 63 126 286 1 1 1 1 24 16 53 49 69 113 62 54 382 382 318 55 1 1 877 30 Star Wars
1 1 25 16 16 16 16 16 17 53 16 541 1023 16 1 1 1 1 25 25 25 16 16 16 53 113 17 541 1023 119 1 1 1 1 24 16 16 16 16 16 21 49 21 17 991 16 1 1 1 1 16 16 16 16 16 21 21 17 16 16 16 16 1 1 1 1 24 16 17 16 17 29 21 17 21 17 16 16 1 1 1 1 25 17 17 17 17 21 21 16 21 17 16 16 1 1 1 1 24 16 17 49 21 17 17 16 17 17 17 16 1 1 1 1 24 16 16 113 117 117 126 318 319 63 126 286 1 1 1 1 24 16 49 49 65 113 62 54 382 382 318 55 1 1 878 30 Star Wars
1 1 25 16 16 16 16 16 17 53 16 541 1023 16 1 1 1 1 25 25 25 16 16 16 53 117 17 541 1023 119 1 1 1 1 24 16 16 16 16 16 21 49 53 17 991 16 1 1 1 1 16 16 16 16 16 21 21 17 20 16 16 16 1 1 1 1 24 16 16 16 17 21 21 17 21 17 16 16 1 1 1 1 25 17 17 17 17 21 21 16 29 17 16 16 1 1 1 1 24 16 17 49 53 17 17 16 17 17 17 16 1 1 1 1 24 16 16 113 113 117 126 54 318 63 126 286 1 1 1 1 24 16 53 113 69 113 62 54 382 382 318 55 1 1 879 30 Star Wars
1 1 25 16 16 16 16 16 49 53 16 541 1023 16 1 1 1 1 25 25 25 16 16 16 53 113 17 541 1023 119 1 1 1 1 24 16 16 16 16 16 21 49 53 17 991 16 1 1 1 1 24 16 16 16 16 21 17 17 20 17 16 16 1 1 1 1 24 16 17 16 25 21 21 17 21 17 16 16 1 1 1 1 25 17 17 17 17 29 21 16 21 17 16 16 1 1 1 1 24 16 17 49 49 17 16 16 17 17 17 16 1 1 1 1 24 16 16 113 113 117 126 318 382 63 126 286 1 1 1 1 24 16 53 49 101 113 62 22 318 382 446 55 1 1 880 30 Star Wars
1 1 25 16 16 16 16 16 49 53 16 541 991 16 1 1 1 1 25 17 25 16 16 16 53 113 17 541 1023 119 1 1 1 1 16 16 16 16 16 16 21 49 21 17 991 16 1 1 1 1 24 16 16 16 16 21 21 17 20 16 16 16 1 1 1 1 24 16 16 16 17 21 21 17 21 17 16 16 1 1 1 1 25 17 17 17 17 21 21 16 21 17 16 16 1 1 1 1 24 16 17 49 53 17 17 16 17 17 17 16 1 1 1 1 24 16 16 113 117 117 62 54 318 63 126 286 1 1 1 1 24 16 49 49 97 113 54 62 310 382 318 55 1 1 881 30 Star Wars
1 1 25 16 16 16 16 16 49 49 16 541 991 16 1 1 1 1 25 17 25 16 16 16 117 113 17 541 1023 119 1 1 1 1 24 16 16 16 16 16 17 49 17 17 1023 16 1 1 1 1 24 16 16 16 16 21 17 17 20 16 16 16 1 1 1 1 24 16 16 16 17 21 21 16 21 17 16 16 1 1 1 1 25 17 17 17 17 21 17 16 17 17 16 16 1 1 1 1 24 16 16 49 49 17 16 16 17 17 17 16 1 1 1 1 16 16 16 113 113 117 62 318 382 127 126 150 1 1 1 1 24 16 53 49 97 113 62 62 54 382 318 54 1 1 882 30 Star Wars
1 1 25 16 16 16 16 16 113 113 16 541 1023 16 1 1 1 1 29 17 17 16 16 16 113 113 17 541 1023 119 1 1 1 1 28 16 16 16 16 20 17 53 21 17 991 16 1 1 1 1 16 16 16 16 16 21 17 17 16 16 16 16 1 1 1 1 24 16 16 16 17 21 21 17 21 21 16 16 1 1 1 1 25 17 17 17 17 21 21 16 21 17 16 16 1 1 1 1 24 16 17 49 49 17 16 16 17 17 17 16 1 1 1 1 17 16 17 113 113 117 62 318 383 63 638 54 1 1 1 1 24 16 53 49 97 113 62 18 126 382 318 62 1 1 883 30 Star Wars
1 1 25 16 16 16 16 16 113 113 16 541 1023 16 1 1 1 1 25 17 17 16 16 16 117 113 16 541 1023 119 1 1 1 1 24 16 16 16 16 16 17 49 16 17 1023 16 1 1 1 1 16 16 16 16 16 17 17 17 16 16 16 16 1 1 1 1 24 16 16 16 17 21 21 16 17 21 16 16 1 1 1 1 25 17 17 17 17 21 21 16 21 17 16 16 1 1 1 1 24 16 16 49 49 16 16 16 16 17 49 16 1 1 1 1 24 16 16 49 113 117 62 54 382 63 638 278 1 1 1 1 24 16 49 49 113 113 62 22 286 894 830 22 1 1 884 30 Star Wars
1 1 24 16 16 16 16 16 113 113 16 541 1023 16 1 1 1 1 25 17 17 16 16 16 117 113 16 541 1023 119 1 1 1 1 24 16 16 16 16 16 17 49 16 17 1023 16 1 1 1 1 24 16 16 16 16 17 17 17 20 16 16 16 1 1 1 1 24 16 16 16 21 21 21 16 17 21 16 16 1 1 1 1 24 16 16 16 17 17 17 16 21 17 16 16 1 1 1 1 24 16 16 49 49 17 16 16 16 17 17 16 1 1 1 1 24 16 16 49 113 117 62 62 54 63 126 22 1 1 1 1 24 16 49 49 113 113 30 18 382 894 318 22 1 1 885 30 Star Wars
1 1 25 16 16 16 16 16 113 113 16 541 1023 16 1 1 1 1 25 17 17 16 16 16 117 113 16 541 1023 119 1 1 1 1 24 16 16 16 16 16 17 49 16 17 895 16 1 1 1 1 24 16 16 16 17 17 17 16 16 16 16 16 1 1 1 1 24 16 16 16 21 21 17 17 17 21 16 16 1 1 1 1 24 16 16 17 17 17 17 16 21 17 16 16 1 1 1 1 24 16 16 49 49 17 16 16 16 17 17 16 1 1 1 1 24 16 17 17 113 117 62 62 311 63 126 22 1 1 1 1 24 16 53 17 113 113 22 18 62 382 318 30 1 1 886 30 Star Wars
1 1 24 16 16 16 16 16 113 113 16 541 1023 16 1 1 1 1 25 17 17 16 16 16 117 113 16 573 1023 119 1 1 1 1 24 16 16 16 16 16 49 49 20 17 1023 16 1 1 1 1 24 16 16 16 17 16 16 16 16 16 16 16 1 1 1 1 24 16 16 16 21 21 17 17 21 21 16 16 1 1 1 1 24 16 16 16 17 17 17 17 21 17 16 16 1 1 1 1 24 16 16 49 49 49 16 16 16 17 17 16 1 1 1 1 24 16 49 16 113 117 62 54 310 63 382 310 1 1 1 1 24 16 49 49 113 113 22 22 126 382 318 22 1 1 887 30 Star Wars
1 1 24 16 16 16 16 16 113 113 16 541 1023 16 1 1 1 1 25 17 17 16 16 16 113 49 16 573 1023 119 1 1 1 1 24 16 16 16 16 16 17 49 16 17 479 16 1 1 1 1 24 16 16 16 16 16 16 16 16 16 16 16 1 1 1 1 24 16 16 16 21 21 16 16 21 21 16 16 1 1 1 1 24 16 16 16 17 17 17 16 21 17 16 16 1 1 1 1 24 16 16 17 49 49 16 16 16 17 16 16 1 1 1 1 24 16 17 16 113 117 246 54 318 62 446 318 1 1 1 1 24 16 113 49 117 113 30 22 62 382 446 22 1 1 888 30 Star Wars
1 1 24 16 16 16 16 16 49 113 16 541 1023 16 1 1 1 1 25 17 16 16 16 16 117 49 16 541 1023 119 1 1 1 1 24 16 16 16 16 20 49 49 16 17 991 16 1 1 1 1 24 16 16 16 16 20 16 16 17 16 16 16 1 1 1 1 24 16 16 16 21 21 17 17 21 21 16 16 1 1 1 1 24 16 16 16 17 17 17 17 21 16 16 16 1 1 1 1 24 16 16 17 49 49 16 16 16 17 16 16 1 1 1 1 24 16 17 17 113 117 62 62 63 246 446 318 1 1 1 1 24 16 113 117 117 113 30 22 54 830 446 22 1 1 889 30 Star Wars
1 1 25 17 16 16 16 16 113 113 16 541 1023 16 1 1 1 1 25 17 16 16 16 16 113 49 16 541 1023 119 1 1 1 1 16 16 16 16 16 20 49 49 16 17 991 16 1 1 1 1 24 16 16 16 21 20 16 16 17 16 16 16 1 1 1 1 25 17 16 16 21 21 17 21 21 17 16 16 1 1 1 1 16 16 16 16 17 17 17 21 17 16 16 16 1 1 1 1 24 16 16 21 49 49 16 17 17 17 16 16 1 1 1 1 24 16 16 17 113 113 54 62 638 54 414 286 1 1 1 1 24 16 49 117 117 113 54 18 190 318 446 22 1 1 890 30 Star Wars
1 1 25 17 16 16 16 16 49 49 16 541 1023 16 1 1 1 1 25 17 16 16 16 16 49 16 16 541 1023 119 1 1 1 1 24 16 16 16 16 16 49 48 16 17 991 16 1 1 1 1 24 16 16 16 20 16 16 16 16 16 16 16 1 1 1 1 24 16 16 16 21 21 17 21 21 16 16 16 1 1 1 1 24 16 16 16 17 17 17 21 17 16 16 16 1 1 1 1 24 16 16 17 49 49 16 16 16 16 16 16 1 1 1 1 24 16 16 49 113 113 62 62 382 62 406 286 1 1 1 1 16 16 17 113 117 97 55 22 62 382 830 22 1 1 891 30 Star Wars
1 1 25 17 16 16 16 49 49 48 16 541 1023 16 1 1 1 1 24 16 16 16 16 16 48 16 16 541 1023 119 1 1 1 1 24 16 16 16 16 20 49 48 16 17 383 16 1 1 1 1 24 16 16 16 20 16 16 16 16 16 16 16 1 1 1 1 24 16 16 17 21 21 17 21 17 16 16 16 1 1 1 1 24 16 16 20 17 17 17 17 16 16 16 16 1 1 1 1 16 16 16 17 49 49 16 16 16 16 16 16 1 1 1 1 24 16 16 17 49 113 127 62 318 54 510 286 1 1 1 1 24 16 16 117 113 65 119 22 62 382 446 54 1 1 892 30 Star Wars
1 1 25 17 16 16 16 49 113 16 16 541 1023 16 1 1 1 1 24 16 16 16 16 17 16 20 16 541 1023 119 1 1 1 1 24 16 16 16 20 49 49 16 16 17 479 16 1 1 1 1 24 16 16 20 21 16 16 16 17 16 16 16 1 1 1 1 24 16 16 21 21 17 17 21 17 16 16 16 1 1 1 1 16 16 16 20 17 17 17 17 17 16 16 16 1 1 1 1 24 16 16 17 49 49 16 16 17 16 16 16 1 1 1 1 16 16 16 17 49 113 127 54 382 62 190 278 1 1 1 1 24 16 16 117 117 97 119 22 318 310 382 54 1 1 893 30 Star Wars
1 1 25 17 16 16 16 48 49 16 16 541 1023 16 1 1 1 1 24 16 16 16 16 16 20 20 16 541 1023 119 1 1 1 1 24 16 16 16 16 48 17 16 16 17 991 16 1 1 1 1 24 16 16 20 20 16 16 21 17 16 16 16 1 1 1 1 24 16 16 21 21 17 17 17 17 16 16 16 1 1 1 1 24 16 16 21 49 49 17 16 16 16 16 16 1 1 1 1 24 16 16 17 49 113 16 16 16 16 16 16 1 1 1 1 24 16 16 49 113 113 127 318 310 62 510 30 1 1 1 1 24 16 16 117 117 65 127 90 318 310 502 55 1 1 894 30 Star Wars
1 1 25 16 16 16 16 48 48 16 16 541 1023 16 1 1 1 1 24 16 16 16 16 16 16 16 16 541 1023 119 1 1 1 1 24 16 16 16 16 17 16 16 16 17 991 16 1 1 1 1 24 16 16 21 20 16 16 16 16 16 16 16 1 1 1 1 24 16 16 21 21 17 17 17 16 16 16 16 1 1 1 1 24 16 16 20 49 48 17 16 16 16 16 16 1 1 1 1 24 16 16 16 49 113 48 16 16 16 16 16 1 1 1 1 16 16 16 17 113 113 127 62 278 54 510 126 1 1 1 1 24 16 16 117 113 101 127 54 318 382 374 55 1 1 895 30 Star Wars
1 1 25 16 16 16 48 49 48 16 16 541 1023 16 1 1 1 1 24 16 16 16 16 48 16 16 16 541 1023 119 1 1 1 1 24 16 16 16 16 48 16 16 16 17 991 16 1 1 1 1 24 16 17 21 16 16 16 16 16 16 16 16 1 1 1 1 24 16 20 21 17 17 17 17 16 16 16 16 1 1 1 1 24 16 16 20 49 49 17 16 16 16 16 16 1 1 1 1 24 16 16 16 49 113 113 16 16 16 16 16 1 1 1 1 16 16 16 53 113 97 119 62 374 62 446 54 1 1 1 1 24 16 16 117 113 101 127 86 318 382 374 55 1 1 896 30 Star Wars
1 1 24 16 16 16 16 16 16 16 16 541 1023 16 1 1 1 1 24 16 20 16 16 16 16 16 16 541 1023 55 1 1 1 1 24 20 20 16 16 16 16 16 16 17 863 16 1 1 1 1 24 20 20 16 20 17 17 16 16 16 16 16 1 1 1 1 24 16 16 16 17 49 17 16 16 16 16 16 1 1 1 1 24 20 16 17 49 53 16 16 16 16 16 16 1 1 1 1 24 16 16 17 16 113 113 16 16 16 16 16 1 1 1 1 24 16 16 117 16 117 255 54 310 30 54 54 1 1 1 1 24 16 16 117 49 117 119 22 62 190 54 54 1 1 902 30 Star Wars
1 1 24 16 20 16 16 16 16 16 16 541 1023 16 1 1 1 1 24 20 16 16 16 16 16 16 16 541 1023 119 1 1 1 1 24 20 20 16 16 16 16 16 16 17 991 17 1 1 1 1 20 20 20 16 20 17 17 16 16 16 16 16 1 1 1 1 28 16 16 16 49 49 17 16 16 16 16 16 1 1 1 1 28 16 16 17 17 49 16 16 16 16 16 16 1 1 1 1 16 16 16 21 16 113 113 16 16 16 16 16 1 1 1 1 16 16 16 117 53 113 119 126 118 55 54 118 1 1 1 1 24 16 16 113 53 113 119 22 62 54 54 54 1 1 903 30 Star Wars
