1 1 1 1 1 1 1 1 1 1 1 1 1 1 1 1 29 29 29 29 541 541 797 797 257 257 257 257 257 257 257 257 575 1023 541 29 541 541 285 284 256 796 797 260 797 256 256 257 573 541 29 29 28 797 796 798 799 796 28 284 797 276 260 261 541 541 541 541 25 799 798 798 799 25 28 799 541 540 4 5 797 797 797 799 29 799 798 796 797 537 24 541 797 540 4 261 541 797 541 540 28 798 542 796 28 541 541 541 797 541 4 261 541 29 5 5 5 21 21 5 5 5 5 5 5 5 5 261 1 1 1 1 1 1 1 1 1 1 1 1 1 1 1 1 13 30 Harry Potter
1 1 1 1 1 1 1 1 1 1 1 1 1 1 1 1 285 29 29 29 29 29 29 541 797 797 257 257 257 257 257 257 261 797 29 1023 797 541 541 541 797 284 256 797 797 256 256 257 277 29 541 799 541 29 29 24 797 285 797 284 285 797 797 797 797 797 541 29 28 540 29 797 799 797 541 541 541 799 797 525 277 285 797 797 541 799 29 797 798 799 797 797 541 541 1 925 29 797 797 543 797 540 28 28 798 540 29 541 797 541 797 797 29 29 541 541 29 29 21 5 5 5 5 29 5 5 5 261 1 1 1 1 1 1 1 1 1 1 1 1 1 1 1 1 14 30 Harry Potter
1 1 24 16 16 16 16 16 16 20 20 541 1023 20 1 1 1 1 24 16 16 24 29 16 16 20 132 909 959 247 1 1 1 1 24 16 16 25 25 24 16 148 500 245 1023 16 1 1 1 1 24 16 17 17 25 25 25 148 388 197 180 16 1 1 1 1 24 16 17 17 25 25 25 157 245 245 189 21 1 1 1 1 540 20 24 25 25 25 25 24 16 16 17 17 1 1 1 1 542 20 17 17 61 53 25 25 16 16 16 16 1 1 1 1 543 20 16 25 61 21 31 55 55 23 54 54 1 1 1 1 29 117 117 24 25 17 23 23 31 23 31 55 1 1 26 30 Star Wars
1 1 24 16 16 16 20 20 20 20 16 541 1023 49 1 1 1 1 24 16 16 16 20 148 151 244 20 541 1023 247 1 1 1 1 24 16 16 16 148 500 244 413 25 17 479 16 1 1 1 1 16 16 16 16 255 391 189 157 25 25 16 16 1 1 1 1 24 16 16 16 156 149 53 25 25 25 17 17 1 1 1 1 24 16 16 16 16 17 17 25 25 17 17 17 1 1 1 1 16 29 20 17 17 25 25 25 25 16 16 16 1 1 1 1 24 127 52 17 17 25 31 31 30 406 319 30 1 1 1 1 56 25 17 17 17 17 23 19 55 55 183 31 1 1 50 30 Star Wars
1 1 24 16 16 16 20 20 20 20 16 541 1023 49 1 1 1 1 24 16 16 16 404 404 158 180 20 541 1023 253 1 1 1 1 24 16 16 16 437 500 245 254 16 17 351 16 1 1 1 1 16 16 16 16 511 407 247 156 24 25 16 16 1 1 1 1 16 16 16 16 157 407 117 29 25 25 16 16 1 1 1 1 24 16 16 16 16 17 25 9 25 25 17 16 1 1 1 1 24 29 16 17 17 17 25 25 25 17 16 16 1 1 1 1 24 127 17 17 17 21 63 31 31 150 31 22 1 1 1 1 24 25 17 17 17 17 23 23 55 63 55 23 1 1 51 30 Star Wars
1 1 24 16 20 20 28 28 28 24 16 541 1023 117 1 1 1 1 24 16 16 148 412 29 21 20 17 29 1023 119 1 1 1 1 24 16 16 156 413 925 447 16 16 29 895 17 1 1 1 1 24 24 24 511 1021 24 25 17 21 29 21 16 1 1 1 1 24 17 24 223 413 25 25 25 61 831 285 16 1 1 1 1 24 16 16 437 405 17 17 17 29 16 277 29 1 1 1 1 24 16 16 16 17 17 1 17 21 16 16 16 1 1 1 1 63 16 17 17 17 17 31 31 54 54 54 118 1 1 1 1 831 17 17 17 53 57 23 31 55 119 855 831 1 1 96 30 Star Wars
1 1 24 16 16 28 28 21 29 24 16 541 1023 117 1 1 1 1 24 16 16 156 29 157 148 21 16 29 959 119 1 1 1 1 24 16 16 412 1021 189 148 16 29 29 1023 17 1 1 1 1 24 24 24 415 540 668 253 25 29 797 16 16 1 1 1 1 24 25 16 255 29 25 25 29 29 311 797 16 1 1 1 1 24 17 17 445 29 17 17 21 21 16 21 20 1 1 1 1 24 16 16 16 17 1 1 17 17 17 16 16 1 1 1 1 575 16 17 17 17 17 63 31 54 63 62 374 1 1 1 1 831 17 17 21 49 25 31 31 311 831 279 831 1 1 98 30 Star Wars
1 1 28 16 20 28 28 28 24 24 16 541 1023 245 1 1 1 1 24 16 16 20 29 412 30 20 16 541 959 119 1 1 1 1 24 16 16 157 413 148 212 16 29 53 1023 17 1 1 1 1 24 16 25 29 24 157 253 60 29 285 16 16 1 1 1 1 24 24 24 413 24 25 25 29 29 317 285 16 1 1 1 1 24 25 17 437 17 17 17 21 16 16 21 16 1 1 1 1 24 16 16 17 17 1 25 21 16 17 16 16 1 1 1 1 573 16 17 17 17 17 31 31 54 823 279 479 1 1 1 1 831 17 17 21 53 25 31 31 55 311 279 799 1 1 99 30 Star Wars
1 1 24 16 29 29 29 29 29 25 16 573 1023 245 1 1 1 1 24 16 20 21 31 383 31 21 21 61 959 119 1 1 1 1 24 17 29 415 445 255 215 117 287 117 511 17 1 1 1 1 24 17 29 25 1023 511 157 61 287 797 16 16 1 1 1 1 25 25 25 24 25 25 17 29 53 829 285 16 1 1 1 1 24 25 17 17 17 17 1 21 16 17 21 16 1 1 1 1 24 16 16 17 17 17 25 21 16 16 16 16 1 1 1 1 573 16 17 17 17 17 31 63 55 895 287 510 1 1 1 1 799 25 17 21 49 25 31 63 55 343 791 511 1 1 101 30 Star Wars
1 1 24 16 29 29 29 25 29 17 16 573 1023 117 1 1 1 1 24 16 17 20 61 895 21 21 29 29 959 119 1 1 1 1 24 17 29 413 509 511 215 53 21 53 1023 17 1 1 1 1 24 17 29 29 957 511 157 61 285 797 16 16 1 1 1 1 24 25 25 24 25 25 17 17 20 797 21 16 1 1 1 1 24 25 17 25 17 17 1 21 16 17 17 16 1 1 1 1 24 16 16 17 17 25 25 21 16 16 16 16 1 1 1 1 575 16 17 17 17 17 95 63 119 287 279 350 1 1 1 1 831 17 17 21 49 25 31 63 351 343 279 831 1 1 102 30 Star Wars
1 1 24 16 28 29 29 29 29 25 16 573 1023 245 1 1 1 1 24 16 16 21 29 895 29 20 31 29 1023 119 1 1 1 1 24 17 29 511 445 511 215 53 543 53 511 17 1 1 1 1 24 17 29 29 445 255 157 29 799 797 16 16 1 1 1 1 25 25 25 24 25 17 17 16 16 573 16 16 1 1 1 1 24 25 17 25 17 17 21 20 16 17 16 16 1 1 1 1 24 16 16 17 17 25 25 16 17 16 16 16 1 1 1 1 575 16 17 17 17 25 95 63 415 279 799 30 1 1 1 1 575 17 17 21 49 25 31 63 799 343 279 191 1 1 103 30 Star Wars
1 1 24 16 29 29 29 25 29 25 16 573 1023 117 1 1 1 1 24 16 17 21 127 895 31 20 543 29 991 503 1 1 1 1 24 17 29 511 511 503 215 415 29 53 511 17 1 1 1 1 24 17 29 669 1023 1023 733 29 799 797 16 16 1 1 1 1 25 25 25 24 25 25 21 16 16 29 16 16 1 1 1 1 24 25 25 17 17 17 21 16 17 17 17 16 1 1 1 1 24 16 17 17 17 25 25 16 21 21 16 16 1 1 1 1 543 16 17 17 17 25 95 55 791 287 319 22 1 1 1 1 575 17 17 17 17 25 31 31 863 855 311 54 1 1 104 30 Star Wars
1 1 24 16 28 29 29 29 29 25 16 573 1023 117 1 1 1 1 24 16 16 21 31 895 31 20 20 541 991 247 1 1 1 1 24 17 29 1023 445 503 255 29 29 49 511 17 1 1 1 1 24 17 25 29 509 1023 157 541 831 28 16 16 1 1 1 1 25 25 25 25 25 25 21 16 16 16 16 16 1 1 1 1 24 25 17 17 17 17 21 16 17 16 16 16 1 1 1 1 24 16 17 17 17 25 25 16 17 16 16 16 1 1 1 1 541 16 17 17 17 25 95 31 1015 279 287 278 1 1 1 1 575 25 17 17 49 25 31 23 791 279 287 30 1 1 105 30 Star Wars
1 1 24 16 24 28 28 25 28 24 16 541 1023 117 1 1 1 1 24 16 16 28 29 31 20 22 20 541 1023 247 1 1 1 1 24 16 25 413 509 437 255 29 29 17 511 49 1 1 1 1 24 24 25 24 156 511 157 797 797 16 16 16 1 1 1 1 24 25 25 24 25 25 29 16 16 16 16 16 1 1 1 1 24 25 17 17 17 17 21 16 17 16 16 16 1 1 1 1 24 16 16 17 17 25 25 16 16 16 16 16 1 1 1 1 543 16 17 17 17 25 31 23 319 287 30 278 1 1 1 1 543 17 17 17 49 25 31 23 279 279 543 22 1 1 106 30 Star Wars
1 1 24 16 20 28 28 24 24 24 16 541 1023 245 1 1 1 1 24 16 16 25 29 31 20 31 20 29 1023 247 1 1 1 1 24 16 16 25 413 509 415 29 29 17 1023 17 1 1 1 1 24 16 17 25 28 1023 157 829 799 16 16 16 1 1 1 1 24 25 17 17 25 61 29 16 29 16 16 16 1 1 1 1 24 25 17 17 17 29 29 16 17 16 16 16 1 1 1 1 24 16 17 17 17 29 16 16 17 16 16 16 1 1 1 1 575 16 17 49 17 25 95 311 791 831 62 278 1 1 1 1 575 25 17 17 49 25 87 311 287 799 30 54 1 1 109 30 Star Wars
1 1 24 16 20 28 28 28 28 24 16 541 1023 117 1 1 1 1 24 16 16 16 126 31 20 31 22 29 1023 247 1 1 1 1 24 16 17 29 415 509 1023 29 21 17 511 49 1 1 1 1 24 16 25 25 63 509 925 287 799 16 16 16 1 1 1 1 24 25 17 24 25 125 29 16 21 16 16 16 1 1 1 1 24 25 17 17 17 21 21 16 17 16 16 16 1 1 1 1 24 16 17 17 17 29 16 16 16 16 16 16 1 1 1 1 575 16 17 49 17 25 119 55 311 831 318 278 1 1 1 1 543 17 17 17 49 25 799 55 287 799 30 54 1 1 110 30 Star Wars
1 1 24 16 16 28 28 29 29 24 16 541 1023 117 1 1 1 1 24 16 20 29 52 31 87 279 21 541 1023 55 1 1 1 1 24 16 17 29 405 479 503 55 285 17 383 17 1 1 1 1 24 16 25 25 1023 255 925 31 29 16 16 16 1 1 1 1 24 25 24 25 285 127 25 16 16 16 16 16 1 1 1 1 24 25 17 17 17 17 21 16 17 17 16 16 1 1 1 1 24 16 17 17 17 17 21 16 16 16 16 16 1 1 1 1 575 16 17 49 17 25 575 54 55 63 286 278 1 1 1 1 575 17 17 17 17 57 319 63 55 575 286 54 1 1 112 30 Star Wars
1 1 24 16 16 28 28 28 29 28 16 541 1023 117 1 1 1 1 24 16 20 29 116 95 54 21 21 541 1023 55 1 1 1 1 24 16 25 29 479 413 511 415 31 17 895 17 1 1 1 1 24 16 25 24 509 255 413 31 29 16 16 16 1 1 1 1 24 25 24 25 927 157 25 16 16 16 16 16 1 1 1 1 24 25 17 17 17 17 17 16 17 17 16 16 1 1 1 1 24 16 17 17 1 1 29 16 16 16 16 16 1 1 1 1 543 16 17 49 25 25 951 54 54 310 286 278 1 1 1 1 575 17 25 17 17 57 287 63 55 543 318 54 1 1 113 30 Star Wars
1 1 24 16 20 28 28 25 25 28 16 541 1023 117 1 1 1 1 24 16 16 29 60 95 28 21 21 541 1023 119 1 1 1 1 24 16 25 1023 413 477 511 447 543 17 895 17 1 1 1 1 24 16 25 25 511 511 413 543 29 16 16 16 1 1 1 1 24 25 25 25 959 157 25 16 17 16 16 16 1 1 1 1 24 25 17 17 17 17 21 16 17 17 16 16 1 1 1 1 24 16 17 17 1 1 29 20 16 16 16 16 1 1 1 1 575 16 17 49 25 25 799 63 54 62 286 286 1 1 1 1 575 17 17 17 25 57 287 63 575 31 62 54 1 1 114 30 Star Wars
1 1 24 16 20 20 28 28 29 28 16 541 1023 117 1 1 1 1 24 16 17 29 28 31 52 20 21 541 1023 117 1 1 1 1 24 16 25 29 509 509 468 29 17 17 1023 49 1 1 1 1 24 16 25 24 957 511 413 31 20 16 16 16 1 1 1 1 24 25 25 25 671 189 25 16 16 16 16 16 1 1 1 1 24 24 17 17 17 17 16 16 17 17 16 16 1 1 1 1 24 16 17 17 1 17 21 16 16 16 16 16 1 1 1 1 127 17 17 49 25 25 287 54 54 63 286 286 1 1 1 1 575 25 17 17 25 57 279 63 63 319 62 54 1 1 116 30 Star Wars
1 1 24 16 16 20 20 28 25 24 16 541 1023 117 1 1 1 1 24 16 17 29 28 95 20 20 21 541 1023 117 1 1 1 1 24 16 25 29 511 501 245 317 16 17 831 17 1 1 1 1 24 16 25 24 959 511 29 543 20 16 16 16 1 1 1 1 24 25 17 25 927 157 25 17 53 16 16 16 1 1 1 1 24 17 17 17 17 21 16 16 17 16 16 16 1 1 1 1 24 17 17 17 1 21 21 16 16 16 16 16 1 1 1 1 63 16 17 17 25 25 799 54 54 31 286 286 1 1 1 1 639 29 17 17 25 57 799 63 63 319 30 22 1 1 117 30 Star Wars
1 1 24 16 16 20 29 25 17 29 16 541 1023 117 1 1 1 1 24 16 17 25 29 255 117 53 17 541 1023 117 1 1 1 1 24 16 25 29 247 503 511 309 17 17 255 49 1 1 1 1 24 16 25 24 1023 511 31 799 21 16 16 16 1 1 1 1 24 17 17 25 415 159 25 61 127 16 16 16 1 1 1 1 24 17 17 17 17 21 16 16 17 17 16 16 1 1 1 1 24 17 17 17 1 21 53 16 17 17 16 16 1 1 1 1 63 21 17 49 25 17 31 54 55 383 286 286 1 1 1 1 639 29 17 17 25 57 927 63 119 831 310 30 1 1 118 30 Star Wars
1 1 24 16 16 20 20 28 16 28 16 541 1023 117 1 1 1 1 24 16 16 21 20 863 61 52 21 541 1023 117 1 1 1 1 24 16 25 29 220 511 511 309 16 17 1023 49 1 1 1 1 24 16 24 28 1023 511 29 799 20 16 16 16 1 1 1 1 24 16 25 25 157 415 29 53 55 16 16 16 1 1 1 1 24 17 17 17 17 21 20 16 17 16 16 16 1 1 1 1 24 25 17 17 1 21 21 16 16 16 16 16 1 1 1 1 127 29 17 17 17 25 95 54 831 287 278 286 1 1 1 1 575 29 17 17 25 49 31 63 55 319 287 54 1 1 119 30 Star Wars
1 1 24 16 16 16 20 28 25 24 16 541 1023 117 1 1 1 1 24 16 16 20 20 95 28 28 17 573 1023 117 1 1 1 1 24 16 25 28 412 503 991 789 16 17 959 49 1 1 1 1 24 24 24 24 509 511 29 797 28 16 16 16 1 1 1 1 24 25 25 25 29 157 29 53 53 16 16 16 1 1 1 1 24 17 17 17 17 21 16 16 17 17 16 16 1 1 1 1 24 17 17 17 17 21 16 16 16 16 16 16 1 1 1 1 63 31 17 17 17 16 119 54 311 831 30 278 1 1 1 1 639 639 25 17 17 49 31 55 311 311 63 30 1 1 120 30 Star Wars
1 1 24 16 16 16 20 24 29 24 16 541 1023 117 1 1 1 1 24 16 16 28 20 223 29 28 17 573 1023 117 1 1 1 1 24 25 25 52 148 247 991 279 16 17 959 49 1 1 1 1 24 25 24 25 511 503 255 799 540 16 16 16 1 1 1 1 24 25 25 25 29 157 29 29 21 16 16 16 1 1 1 1 24 17 17 17 1 25 21 16 16 17 16 16 1 1 1 1 24 17 17 1 17 17 16 16 17 16 16 16 1 1 1 1 63 127 17 17 17 17 127 54 511 791 799 278 1 1 1 1 639 127 25 17 17 57 31 55 895 311 415 22 1 1 121 30 Star Wars
1 1 24 16 16 20 20 24 25 24 16 541 1023 117 1 1 1 1 24 25 16 24 21 29 798 28 21 573 1023 117 1 1 1 1 24 29 24 17 148 181 1023 799 16 17 927 117 1 1 1 1 25 24 24 25 511 501 223 799 543 16 16 16 1 1 1 1 24 25 25 25 223 157 543 29 61 17 16 16 1 1 1 1 24 17 17 17 1 29 29 16 16 17 16 16 1 1 1 1 25 17 17 1 17 17 16 16 16 16 16 16 1 1 1 1 31 63 17 17 17 16 119 54 319 831 831 278 1 1 1 1 543 575 25 17 25 61 23 55 887 319 415 150 1 1 122 30 Star Wars
1 1 24 16 16 20 16 28 24 24 16 541 1023 117 1 1 1 1 24 25 16 24 20 93 189 28 21 573 1023 119 1 1 1 1 25 29 24 16 148 421 959 287 20 17 863 53 1 1 1 1 25 24 25 25 511 501 255 797 799 16 16 16 1 1 1 1 24 25 25 25 31 415 29 29 63 17 16 16 1 1 1 1 24 17 17 17 17 29 29 16 16 17 16 16 1 1 1 1 16 25 17 9 17 17 16 16 16 16 16 16 1 1 1 1 31 63 17 17 17 16 119 54 375 279 287 286 1 1 1 1 30 575 25 17 17 57 22 55 319 319 287 278 1 1 123 30 Star Wars
1 1 24 16 16 16 20 28 25 24 16 541 1023 117 1 1 1 1 24 25 16 24 20 93 61 28 21 573 1023 117 1 1 1 1 25 29 24 16 149 133 959 287 16 17 991 53 1 1 1 1 24 24 25 24 1023 501 255 831 799 16 16 16 1 1 1 1 24 24 25 25 927 159 29 29 63 17 16 16 1 1 1 1 24 17 17 17 17 29 21 16 16 17 16 16 1 1 1 1 24 25 17 25 17 21 17 16 16 16 21 16 1 1 1 1 29 63 17 57 17 17 151 54 319 311 287 286 1 1 1 1 29 575 17 17 17 49 22 23 311 311 287 278 1 1 124 30 Star Wars
1 1 24 16 16 16 21 24 25 25 21 541 1023 117 1 1 1 1 24 25 25 24 21 221 831 29 21 573 1023 117 1 1 1 1 25 125 29 16 149 389 511 799 21 17 991 53 1 1 1 1 25 25 25 24 511 501 127 831 799 17 16 16 1 1 1 1 24 24 25 25 991 479 29 543 63 17 16 16 1 1 1 1 24 17 17 17 17 21 17 16 16 17 16 16 1 1 1 1 24 25 17 25 17 21 17 16 17 17 21 16 1 1 1 1 25 127 17 25 49 16 55 55 311 311 287 278 1 1 1 1 28 575 17 17 17 61 31 23 311 311 407 287 1 1 125 30 Star Wars
1 1 24 16 16 16 16 28 29 25 24 541 1023 117 1 1 1 1 24 16 25 28 20 28 159 28 16 573 1023 117 1 1 1 1 24 17 29 17 148 132 255 789 21 17 863 53 1 1 1 1 24 16 24 24 445 501 255 797 799 16 16 16 1 1 1 1 24 16 25 25 413 159 29 29 543 29 16 16 1 1 1 1 24 17 17 17 17 21 53 16 16 17 16 16 1 1 1 1 24 17 17 17 17 17 17 16 17 16 29 16 1 1 1 1 24 127 17 25 17 17 31 55 55 319 319 30 1 1 1 1 24 63 17 17 17 29 63 23 55 375 311 311 1 1 126 30 Star Wars
1 1 24 16 16 20 16 20 20 25 20 541 1023 117 1 1 1 1 24 16 17 17 20 20 223 28 20 573 1023 117 1 1 1 1 24 16 21 25 148 132 247 789 21 17 991 49 1 1 1 1 24 16 24 24 157 509 255 797 799 16 16 16 1 1 1 1 24 16 17 25 29 157 29 21 797 29 16 16 1 1 1 1 24 16 17 17 25 21 21 16 17 17 16 16 1 1 1 1 24 16 17 1 17 17 17 16 16 16 21 16 1 1 1 1 24 63 17 25 17 17 31 31 127 319 799 62 1 1 1 1 24 575 17 17 17 17 63 23 119 311 279 31 1 1 127 30 Star Wars
1 1 24 16 16 20 20 20 21 25 24 541 1023 117 1 1 1 1 24 16 16 25 21 20 255 28 16 573 1023 125 1 1 1 1 24 16 17 29 29 404 255 277 21 17 863 53 1 1 1 1 24 16 16 24 24 511 191 831 799 16 16 16 1 1 1 1 24 16 16 25 25 511 29 29 799 29 16 16 1 1 1 1 24 16 17 17 25 25 21 16 17 17 16 16 1 1 1 1 24 16 17 17 17 17 17 16 16 16 17 16 1 1 1 1 24 127 17 17 17 17 31 23 127 279 351 22 1 1 1 1 24 575 17 17 17 21 63 23 127 351 311 287 1 1 128 30 Star Wars
1 1 24 16 16 20 16 28 20 17 24 541 991 117 1 1 1 1 24 16 16 25 25 60 247 61 20 541 1023 127 1 1 1 1 24 16 16 29 63 149 767 797 21 17 895 117 1 1 1 1 24 16 16 25 29 255 255 797 799 16 16 16 1 1 1 1 24 16 17 25 25 927 413 21 799 31 16 16 1 1 1 1 24 16 17 17 25 25 21 16 17 17 16 16 1 1 1 1 24 16 25 17 1 17 21 16 17 16 17 16 1 1 1 1 24 127 25 17 17 17 31 23 127 279 287 30 1 1 1 1 24 639 25 17 17 21 31 23 127 375 799 22 1 1 129 30 Star Wars
1 1 24 16 16 16 16 28 20 16 24 541 1023 117 1 1 1 1 24 16 16 25 25 20 95 29 20 573 1023 127 1 1 1 1 24 16 16 29 29 406 151 29 21 17 895 49 1 1 1 1 24 16 16 25 29 253 925 287 831 16 16 16 1 1 1 1 24 16 17 25 25 415 157 16 29 28 16 16 1 1 1 1 24 16 17 17 17 25 21 16 17 17 16 16 1 1 1 1 24 16 17 17 1 1 21 16 16 16 17 16 1 1 1 1 24 127 61 17 17 17 31 55 55 279 415 30 1 1 1 1 24 639 61 17 17 17 63 23 55 343 799 22 1 1 130 30 Star Wars
1 1 24 16 16 16 16 28 28 20 24 541 991 117 1 1 1 1 24 16 16 16 28 20 87 29 28 573 1023 127 1 1 1 1 24 16 17 29 21 148 437 157 29 17 799 49 1 1 1 1 24 16 16 24 25 255 509 157 797 16 16 16 1 1 1 1 24 16 16 25 25 31 29 24 20 20 16 16 1 1 1 1 24 16 17 17 17 17 21 16 16 17 16 16 1 1 1 1 24 16 17 17 17 25 21 16 16 16 17 16 1 1 1 1 24 127 61 17 17 25 31 55 375 279 447 62 1 1 1 1 28 639 63 17 17 25 55 23 311 343 799 318 1 1 131 30 Star Wars
1 1 24 16 16 16 16 20 20 16 24 541 1023 53 1 1 1 1 24 16 16 16 24 20 95 22 21 573 1023 63 1 1 1 1 24 16 29 21 16 148 455 149 285 21 895 49 1 1 1 1 24 16 25 25 25 509 509 413 797 541 16 16 1 1 1 1 24 16 24 25 25 17 29 16 17 29 16 16 1 1 1 1 24 16 17 17 17 1 21 16 16 17 17 16 1 1 1 1 24 16 25 17 17 25 17 17 17 16 16 16 1 1 1 1 24 63 63 17 17 25 31 55 895 287 279 22 1 1 1 1 28 927 1023 17 17 17 63 23 319 343 799 278 1 1 133 30 Star Wars
1 1 24 16 16 16 20 20 28 25 24 541 1023 53 1 1 1 1 24 16 16 16 24 20 85 150 63 61 1023 63 1 1 1 1 24 17 29 21 16 148 133 215 317 21 895 17 1 1 1 1 24 25 25 25 24 1021 765 703 797 541 16 16 1 1 1 1 24 24 24 25 25 29 25 16 20 29 16 16 1 1 1 1 24 17 17 25 25 17 21 16 16 17 17 16 1 1 1 1 24 17 25 1 17 25 17 16 16 16 16 16 1 1 1 1 24 31 125 17 17 25 31 55 383 287 287 22 1 1 1 1 24 543 1023 17 17 17 55 23 311 343 279 278 1 1 134 30 Star Wars
1 1 24 16 16 16 16 20 28 25 24 541 1023 49 1 1 1 1 24 16 16 16 24 20 125 255 127 573 959 63 1 1 1 1 24 17 29 21 17 148 421 503 575 21 863 17 1 1 1 1 24 25 25 25 24 1023 767 765 317 31 16 16 1 1 1 1 24 24 25 25 25 63 29 16 53 29 16 16 1 1 1 1 24 17 17 25 25 17 21 16 16 17 17 16 1 1 1 1 24 17 25 1 1 17 17 16 16 16 16 16 1 1 1 1 24 29 127 17 17 25 31 55 823 799 415 286 1 1 1 1 24 31 1023 25 17 17 63 31 319 343 287 22 1 1 135 30 Star Wars
1 1 24 16 16 16 20 20 28 25 24 541 1023 49 1 1 1 1 24 16 16 16 24 20 29 223 31 541 1023 119 1 1 1 1 24 16 25 29 16 404 149 439 541 17 863 17 1 1 1 1 24 17 25 24 24 1023 1023 895 797 28 16 16 1 1 1 1 24 16 24 25 25 127 25 16 53 573 16 16 1 1 1 1 24 17 17 17 25 17 53 16 16 17 17 16 1 1 1 1 24 17 25 1 1 17 17 16 16 16 17 16 1 1 1 1 24 29 127 17 17 17 287 31 375 287 287 286 1 1 1 1 29 29 1023 25 17 17 63 31 319 343 287 22 1 1 136 30 Star Wars
1 1 24 16 16 16 20 20 28 28 24 541 1023 48 1 1 1 1 24 16 16 16 24 28 93 95 20 541 1023 55 1 1 1 1 24 16 17 29 16 404 149 383 21 17 991 16 1 1 1 1 24 16 25 24 24 511 1023 799 317 24 16 16 1 1 1 1 24 16 24 25 24 573 24 16 541 28 16 16 1 1 1 1 24 16 17 17 25 17 53 16 17 17 16 16 1 1 1 1 24 17 25 1 1 17 17 16 16 16 16 16 1 1 1 1 24 29 127 17 17 17 287 22 511 799 287 286 1 1 1 1 24 29 991 25 17 17 63 23 319 351 279 22 1 1 137 30 Star Wars
1 1 24 16 16 16 20 28 28 29 25 541 1023 48 1 1 1 1 24 16 16 25 24 60 125 63 20 29 1023 127 1 1 1 1 24 16 16 29 21 405 388 31 29 25 991 16 1 1 1 1 24 16 16 25 24 1023 991 927 413 16 16 16 1 1 1 1 24 16 16 25 25 671 29 20 541 28 16 16 1 1 1 1 24 16 17 17 25 25 53 16 17 17 16 16 1 1 1 1 24 16 25 17 1 17 17 16 16 16 16 16 1 1 1 1 24 17 127 17 17 17 63 54 311 791 287 286 1 1 1 1 29 24 1023 25 17 17 55 23 831 351 351 22 1 1 138 30 Star Wars
1 1 24 16 16 16 20 29 29 29 29 541 1023 48 1 1 1 1 24 16 16 17 29 29 158 285 49 61 1023 63 1 1 1 1 24 16 17 25 29 180 407 407 247 21 991 16 1 1 1 1 24 16 16 24 24 255 733 415 503 17 17 16 1 1 1 1 24 16 17 17 25 29 25 20 287 25 17 16 1 1 1 1 24 16 17 17 17 21 20 16 17 17 17 16 1 1 1 1 24 16 25 17 17 21 21 16 16 17 16 16 1 1 1 1 24 16 127 17 17 17 31 54 287 799 30 310 1 1 1 1 29 24 1023 25 17 17 55 23 927 287 351 30 1 1 145 30 Star Wars
1 1 24 16 16 16 20 29 29 29 25 541 1023 48 1 1 1 1 24 16 16 25 25 157 156 31 49 61 1023 63 1 1 1 1 24 16 24 25 29 149 439 151 247 21 991 17 1 1 1 1 24 16 24 24 25 509 927 959 511 17 17 16 1 1 1 1 16 16 17 25 25 25 29 16 21 25 17 16 1 1 1 1 24 16 17 17 17 21 20 16 17 17 17 16 1 1 1 1 24 16 25 17 1 29 17 16 16 17 16 16 1 1 1 1 24 16 127 17 17 25 55 54 319 799 278 310 1 1 1 1 29 24 831 17 17 21 55 55 287 959 478 30 1 1 147 30 Star Wars
1 1 24 16 16 16 20 28 20 21 25 541 1023 48 1 1 1 1 24 16 25 25 17 156 158 62 25 573 1023 63 1 1 1 1 24 16 25 21 17 149 502 63 245 21 991 16 1 1 1 1 24 16 24 24 25 189 927 927 511 17 17 16 1 1 1 1 24 16 25 25 25 29 29 21 511 17 17 16 1 1 1 1 24 16 17 17 17 21 16 16 17 17 17 16 1 1 1 1 24 17 25 17 1 17 16 16 16 16 16 16 1 1 1 1 24 17 127 21 17 17 287 63 311 279 287 310 1 1 1 1 29 25 1023 17 17 17 23 23 311 319 415 22 1 1 152 30 Star Wars
1 1 24 16 16 16 20 28 28 29 29 541 1023 16 1 1 1 1 24 16 16 25 21 20 28 60 61 573 1023 63 1 1 1 1 24 16 17 25 16 148 415 125 245 21 927 16 1 1 1 1 24 16 24 24 24 253 927 989 503 16 16 16 1 1 1 1 24 16 17 25 25 25 29 277 511 24 16 16 1 1 1 1 24 16 17 17 25 29 16 16 21 17 17 16 1 1 1 1 24 16 25 17 1 21 16 16 16 797 16 16 1 1 1 1 24 16 127 17 17 21 95 54 311 831 831 310 1 1 1 1 29 24 1023 17 25 17 159 55 311 319 927 22 1 1 154 30 Star Wars
1 1 24 16 16 16 20 28 20 21 29 541 1023 16 1 1 1 1 24 16 16 25 29 20 828 125 127 61 1023 63 1 1 1 1 24 16 16 25 29 20 927 439 244 21 927 16 1 1 1 1 24 16 16 24 24 29 797 983 503 16 16 16 1 1 1 1 24 16 17 25 25 25 29 405 511 24 16 16 1 1 1 1 24 16 17 17 25 29 16 16 21 17 17 16 1 1 1 1 24 16 25 17 1 21 16 16 16 797 16 16 1 1 1 1 24 16 127 17 25 53 55 54 311 831 799 310 1 1 1 1 29 24 1023 25 17 17 95 55 319 319 799 22 1 1 155 30 Star Wars
1 1 24 16 16 16 16 20 28 29 29 541 1023 16 1 1 1 1 24 16 16 16 25 29 381 735 255 29 1023 127 1 1 1 1 24 16 16 25 29 29 511 1023 511 21 991 16 1 1 1 1 24 16 16 24 24 95 503 917 503 28 17 16 1 1 1 1 24 16 17 17 25 25 541 21 503 29 17 16 1 1 1 1 24 16 25 17 17 25 29 16 16 21 17 16 1 1 1 1 24 16 25 25 17 1 21 16 16 16 16 16 1 1 1 1 28 16 127 61 17 17 55 55 823 279 319 278 1 1 1 1 29 24 639 29 25 17 55 23 311 791 927 22 1 1 162 30 Star Wars
1 1 24 16 16 16 16 21 29 29 29 541 1023 16 1 1 1 1 24 16 16 16 25 29 445 189 511 29 1023 63 1 1 1 1 24 16 16 25 25 29 447 511 244 53 991 16 1 1 1 1 24 16 16 24 24 29 503 797 503 21 17 16 1 1 1 1 24 16 16 17 25 29 29 31 927 287 17 16 1 1 1 1 24 16 17 17 17 25 29 16 16 21 17 17 1 1 1 1 24 16 17 25 17 1 21 16 16 16 17 16 1 1 1 1 540 16 127 127 17 17 31 23 54 311 311 887 1 1 1 1 29 25 1023 543 25 17 23 23 54 311 279 799 1 1 165 30 Star Wars
1 1 24 16 16 16 16 21 21 29 29 541 1023 16 1 1 1 1 24 16 16 16 25 25 189 255 511 61 1023 55 1 1 1 1 24 16 16 25 25 61 447 1023 244 53 479 16 1 1 1 1 24 16 16 24 24 29 511 799 503 21 17 16 1 1 1 1 24 16 16 17 25 25 31 543 927 31 17 16 1 1 1 1 24 16 16 17 17 25 29 16 16 17 17 17 1 1 1 1 24 16 17 25 17 1 21 16 16 16 29 16 1 1 1 1 28 16 639 127 17 17 31 23 54 311 311 279 1 1 1 1 29 25 1023 543 25 17 23 23 54 55 407 351 1 1 166 30 Star Wars
1 1 24 16 16 16 16 21 21 21 17 541 1023 16 1 1 1 1 24 16 16 16 25 29 413 53 61 29 1023 55 1 1 1 1 24 16 16 16 25 31 1023 957 245 21 287 16 1 1 1 1 24 16 16 16 24 29 1023 317 511 21 17 16 1 1 1 1 24 16 16 17 25 25 29 541 287 543 17 16 1 1 1 1 24 16 16 17 17 25 29 16 16 17 17 17 1 1 1 1 24 16 16 17 17 17 21 20 16 16 21 21 1 1 1 1 28 16 127 127 17 17 23 23 54 55 863 407 1 1 1 1 29 25 639 575 17 17 31 31 63 55 311 959 1 1 168 30 Star Wars
1 1 24 16 16 16 16 20 20 21 25 541 1023 16 1 1 1 1 24 16 16 16 25 29 413 53 53 29 1023 119 1 1 1 1 24 16 16 16 25 29 511 925 509 21 287 16 1 1 1 1 24 16 16 16 24 25 415 925 1023 285 17 16 1 1 1 1 24 16 16 17 25 25 25 29 791 285 17 16 1 1 1 1 24 16 16 17 17 25 29 20 16 17 17 16 1 1 1 1 24 16 16 17 17 17 21 16 16 17 21 20 1 1 1 1 28 16 127 127 17 17 23 23 54 55 799 287 1 1 1 1 29 24 95 541 17 17 31 31 63 55 311 959 1 1 169 30 Star Wars
1 1 28 16 16 16 16 20 20 21 25 541 1023 16 1 1 1 1 24 16 16 16 17 29 437 255 28 29 959 119 1 1 1 1 24 16 16 16 25 29 189 511 319 17 927 16 1 1 1 1 24 16 16 16 24 25 415 413 797 799 16 16 1 1 1 1 24 16 16 17 25 25 25 29 52 61 17 16 1 1 1 1 24 16 16 17 17 25 29 20 16 17 17 16 1 1 1 1 24 16 16 17 17 17 21 20 16 16 17 16 1 1 1 1 28 16 127 17 17 17 31 31 54 319 287 791 1 1 1 1 24 24 541 17 17 17 31 23 54 831 279 311 1 1 175 30 Star Wars
1 1 24 16 16 16 16 20 20 20 29 541 1023 16 1 1 1 1 24 16 16 16 17 29 404 23 28 29 959 119 1 1 1 1 24 16 16 17 25 511 509 447 319 17 511 16 1 1 1 1 24 16 16 16 24 25 511 413 317 31 16 16 1 1 1 1 24 16 16 17 25 25 29 541 533 61 16 16 1 1 1 1 24 16 16 17 17 25 29 17 16 17 17 16 1 1 1 1 24 16 16 17 17 17 21 20 16 16 17 16 1 1 1 1 24 16 127 17 17 17 63 31 54 287 279 279 1 1 1 1 25 24 29 17 17 17 31 55 54 831 287 311 1 1 176 30 Star Wars
1 1 28 16 16 16 16 20 20 21 24 541 1023 16 1 1 1 1 24 16 16 16 25 221 405 28 16 541 1023 119 1 1 1 1 24 16 16 17 25 415 509 797 21 17 863 16 1 1 1 1 24 16 16 25 25 29 991 925 799 21 16 16 1 1 1 1 24 16 16 17 25 25 29 541 63 61 17 16 1 1 1 1 24 16 17 17 17 25 25 16 16 17 17 16 1 1 1 1 24 16 16 17 17 17 21 16 16 16 17 16 1 1 1 1 24 20 127 17 17 17 31 799 311 54 799 150 1 1 1 1 28 24 29 17 17 25 63 279 831 126 279 55 1 1 179 30 Star Wars
1 1 28 16 16 16 20 20 20 17 24 541 1023 49 1 1 1 1 24 16 16 16 25 413 405 20 28 573 1023 119 1 1 1 1 24 16 16 17 29 927 509 831 21 17 831 117 1 1 1 1 24 16 16 25 25 157 511 799 799 24 16 16 1 1 1 1 24 16 16 25 25 25 157 543 63 53 17 16 1 1 1 1 24 16 17 17 17 25 25 25 16 17 17 16 1 1 1 1 24 16 17 17 17 17 21 16 16 16 17 16 1 1 1 1 24 125 127 17 17 17 31 799 319 54 247 278 1 1 1 1 24 31 127 17 17 25 63 287 311 62 639 22 1 1 182 30 Star Wars
1 1 28 16 16 16 28 20 28 16 24 541 1023 117 1 1 1 1 24 16 16 16 25 412 413 28 28 541 1023 119 1 1 1 1 24 16 16 17 29 447 439 831 21 17 927 117 1 1 1 1 24 16 16 25 29 991 479 285 799 24 16 16 1 1 1 1 24 16 16 25 25 25 157 541 63 21 17 16 1 1 1 1 24 16 17 17 25 25 25 24 16 17 17 16 1 1 1 1 24 16 17 17 17 17 21 16 16 16 17 16 1 1 1 1 24 127 127 17 17 17 23 791 831 54 127 278 1 1 1 1 24 63 29 17 17 25 63 287 287 62 63 22 1 1 183 30 Star Wars
1 1 24 16 16 16 20 28 20 25 24 541 991 53 1 1 1 1 24 16 16 16 29 404 413 60 28 573 1023 119 1 1 1 1 24 16 16 17 31 511 447 895 20 17 927 117 1 1 1 1 24 16 16 25 29 415 1023 797 799 24 16 16 1 1 1 1 24 16 16 25 25 29 223 543 573 541 16 16 1 1 1 1 24 16 17 17 25 25 29 25 16 17 17 16 1 1 1 1 24 16 17 25 17 17 21 16 16 16 16 16 1 1 1 1 24 127 21 17 17 21 23 319 319 54 119 278 1 1 1 1 24 575 29 17 17 25 55 279 415 54 575 62 1 1 185 30 Star Wars
1 1 24 16 16 16 20 28 20 20 24 541 991 125 1 1 1 1 24 16 16 16 21 404 413 60 20 573 1023 117 1 1 1 1 24 16 16 17 29 447 511 895 20 17 1023 113 1 1 1 1 24 16 16 25 29 415 1023 799 797 16 16 16 1 1 1 1 24 16 17 25 25 29 255 799 573 29 16 16 1 1 1 1 24 16 17 17 25 25 29 24 16 17 16 16 1 1 1 1 24 16 17 17 17 17 21 16 16 16 16 16 1 1 1 1 24 63 17 17 17 17 543 311 831 54 447 278 1 1 1 1 24 575 17 17 17 25 55 287 287 62 831 30 1 1 186 30 Star Wars
1 1 28 16 16 20 20 28 21 29 24 541 1023 117 1 1 1 1 24 16 16 16 21 412 447 61 20 573 1023 117 1 1 1 1 24 16 16 17 125 1023 1023 895 20 17 1023 113 1 1 1 1 24 16 17 25 29 479 1023 797 799 17 16 16 1 1 1 1 24 16 17 25 25 29 447 799 831 29 16 16 1 1 1 1 24 16 17 17 25 25 29 25 16 17 17 16 1 1 1 1 24 16 17 17 17 17 21 16 16 16 16 16 1 1 1 1 24 127 17 17 17 17 31 31 319 54 447 286 1 1 1 1 24 543 17 17 17 25 55 287 831 62 831 22 1 1 187 30 Star Wars
1 1 28 16 16 16 21 28 21 25 24 541 1023 117 1 1 1 1 24 16 16 16 21 446 511 29 20 573 1023 117 1 1 1 1 24 16 16 17 63 1023 511 895 21 17 1023 113 1 1 1 1 24 16 17 25 29 511 511 797 799 17 16 16 1 1 1 1 24 16 17 25 25 159 191 799 799 29 16 16 1 1 1 1 24 16 17 17 25 25 25 25 16 17 17 16 1 1 1 1 24 16 17 17 17 17 21 16 16 16 16 16 1 1 1 1 24 127 17 17 17 21 31 287 63 567 831 286 1 1 1 1 24 575 17 17 17 25 63 279 831 319 823 22 1 1 188 30 Star Wars
1 1 24 16 16 16 20 28 29 29 24 541 1023 117 1 1 1 1 24 16 16 16 23 412 445 60 16 573 1023 117 1 1 1 1 24 16 16 17 63 511 503 895 20 17 831 113 1 1 1 1 24 16 16 25 29 479 511 797 797 16 16 16 1 1 1 1 24 16 17 25 25 157 159 799 799 29 16 16 1 1 1 1 24 16 17 17 25 25 25 16 16 17 16 16 1 1 1 1 24 16 17 17 17 17 21 16 16 16 16 16 1 1 1 1 24 127 17 17 17 17 279 543 54 831 287 286 1 1 1 1 24 543 17 17 17 25 63 287 62 823 831 22 1 1 189 30 Star Wars
1 1 24 16 16 16 20 28 21 25 24 541 1023 117 1 1 1 1 24 16 16 16 55 414 447 189 16 573 1023 125 1 1 1 1 24 16 17 17 255 511 503 1013 21 17 831 113 1 1 1 1 24 16 17 25 29 511 511 797 797 17 16 16 1 1 1 1 24 16 17 25 25 159 671 799 799 21 16 16 1 1 1 1 24 16 17 17 25 25 25 16 16 17 16 16 1 1 1 1 24 16 25 17 17 17 21 16 16 16 16 16 1 1 1 1 24 63 17 17 17 21 23 23 54 279 311 278 1 1 1 1 24 575 17 17 17 57 55 31 22 375 823 22 1 1 190 30 Star Wars
1 1 24 16 16 20 21 21 29 25 25 541 1023 117 1 1 1 1 24 16 16 17 87 414 959 445 16 573 1023 125 1 1 1 1 24 16 17 17 447 1023 1023 959 21 17 831 125 1 1 1 1 24 16 17 25 29 255 511 797 797 17 16 16 1 1 1 1 24 17 17 25 25 159 511 799 831 53 16 16 1 1 1 1 24 16 17 17 25 25 25 16 16 17 16 16 1 1 1 1 24 16 17 1 17 17 21 16 16 16 16 16 1 1 1 1 24 127 17 17 17 21 23 23 54 287 287 310 1 1 1 1 24 575 17 17 17 57 55 55 55 855 279 54 1 1 191 30 Star Wars
1 1 24 16 16 20 21 21 21 25 25 541 1023 53 1 1 1 1 24 16 16 17 119 414 511 509 17 541 1023 125 1 1 1 1 24 16 17 17 511 503 255 1023 21 17 479 125 1 1 1 1 24 16 17 25 29 511 503 797 797 17 16 16 1 1 1 1 24 17 17 25 25 159 285 799 831 21 16 16 1 1 1 1 24 16 17 17 25 25 25 16 16 17 16 16 1 1 1 1 24 16 17 17 17 17 21 16 16 16 16 16 1 1 1 1 24 127 17 17 17 21 127 23 54 279 319 310 1 1 1 1 24 575 17 17 17 61 55 23 55 319 287 22 1 1 192 30 Star Wars
1 1 24 16 16 20 21 29 29 25 25 541 1023 117 1 1 1 1 24 16 16 17 119 510 959 445 16 541 1023 125 1 1 1 1 24 16 17 17 159 511 511 247 17 17 1023 125 1 1 1 1 24 16 17 25 29 511 151 797 285 17 16 16 1 1 1 1 24 17 17 25 25 31 797 799 799 21 16 16 1 1 1 1 24 16 17 17 25 25 25 16 16 17 16 16 1 1 1 1 24 16 17 17 17 17 17 16 16 16 16 16 1 1 1 1 24 127 17 17 17 21 127 54 287 279 287 318 1 1 1 1 24 575 17 17 17 57 55 23 383 343 799 22 1 1 193 30 Star Wars
1 1 24 16 16 20 21 20 29 25 25 541 1023 117 1 1 1 1 24 16 16 17 55 510 447 125 16 541 1023 125 1 1 1 1 24 16 17 25 959 511 767 53 21 17 351 125 1 1 1 1 24 16 17 25 29 511 183 797 285 17 16 16 1 1 1 1 24 17 17 25 25 93 285 799 799 17 16 16 1 1 1 1 24 16 17 17 25 25 25 16 16 17 16 16 1 1 1 1 24 16 17 17 17 17 17 16 17 16 16 16 1 1 1 1 24 127 17 17 17 21 23 54 311 799 287 318 1 1 1 1 25 639 17 17 17 57 55 63 831 823 959 22 1 1 194 30 Star Wars
1 1 24 16 16 20 20 28 29 25 25 541 1023 117 1 1 1 1 24 16 16 17 23 412 255 61 16 541 1023 125 1 1 1 1 24 16 17 25 413 503 247 53 21 17 351 121 1 1 1 1 24 16 17 25 29 511 831 797 797 17 16 16 1 1 1 1 24 16 17 25 25 29 29 277 799 17 16 16 1 1 1 1 24 16 17 17 25 25 17 16 16 17 16 16 1 1 1 1 24 16 17 17 17 17 21 16 16 16 16 16 1 1 1 1 24 127 17 17 17 21 63 799 319 287 30 318 1 1 1 1 24 639 17 17 17 25 55 23 447 287 31 22 1 1 196 30 Star Wars
1 1 24 16 16 20 20 21 21 25 25 541 1023 117 1 1 1 1 24 16 16 17 21 508 255 125 17 541 1023 125 1 1 1 1 24 16 17 25 415 245 247 895 17 17 351 125 1 1 1 1 24 16 17 25 29 511 823 1023 799 17 16 16 1 1 1 1 24 16 17 25 25 29 29 21 799 17 16 16 1 1 1 1 24 16 17 17 25 25 17 16 16 17 16 16 1 1 1 1 24 16 17 17 17 21 20 16 16 16 16 16 1 1 1 1 24 127 17 17 49 21 63 831 927 791 94 318 1 1 1 1 24 575 17 17 17 25 191 31 319 951 414 22 1 1 197 30 Star Wars
1 1 24 16 16 20 21 21 29 25 29 541 991 117 1 1 1 1 24 16 16 17 21 508 255 125 17 541 1023 125 1 1 1 1 24 16 17 25 159 247 247 247 21 17 351 125 1 1 1 1 24 16 17 25 31 511 895 1023 799 17 16 16 1 1 1 1 24 16 17 25 25 29 541 543 543 17 16 16 1 1 1 1 24 16 25 17 25 25 25 17 17 17 16 16 1 1 1 1 24 16 17 17 17 21 17 16 16 16 16 16 1 1 1 1 24 127 17 17 17 21 127 799 959 927 94 318 1 1 1 1 25 639 25 17 17 25 703 31 319 823 286 22 1 1 198 30 Star Wars
1 1 24 16 16 20 16 21 29 25 24 541 1023 117 1 1 1 1 24 16 16 17 21 444 125 125 17 541 1023 125 1 1 1 1 24 16 16 25 415 247 255 247 17 17 351 121 1 1 1 1 24 16 17 29 29 511 791 1015 31 16 16 16 1 1 1 1 24 16 17 25 25 29 31 533 29 17 16 16 1 1 1 1 24 16 25 17 25 29 17 16 17 17 16 16 1 1 1 1 24 16 25 17 17 21 16 16 16 16 16 16 1 1 1 1 24 127 17 17 17 21 127 799 799 831 126 318 1 1 1 1 24 639 25 17 17 25 951 31 287 319 414 30 1 1 199 30 Star Wars
1 1 24 16 16 20 20 20 29 25 25 541 1023 117 1 1 1 1 24 16 16 17 21 158 125 125 17 541 1023 125 1 1 1 1 24 16 17 25 447 247 247 247 21 17 511 125 1 1 1 1 24 16 17 29 29 511 799 1023 30 17 16 16 1 1 1 1 24 16 17 25 25 29 541 543 29 17 16 16 1 1 1 1 24 16 17 17 25 25 17 16 17 17 16 16 1 1 1 1 24 16 25 17 17 21 16 16 16 16 16 16 1 1 1 1 24 127 17 17 17 21 575 567 799 279 30 286 1 1 1 1 24 639 25 17 17 25 831 31 319 279 30 30 1 1 200 30 Star Wars
1 1 24 16 16 20 28 20 21 25 24 541 1023 117 1 1 1 1 24 16 16 16 21 412 127 252 16 541 1023 125 1 1 1 1 24 16 17 25 191 511 255 247 20 17 1023 125 1 1 1 1 24 16 25 29 255 511 287 1023 542 16 16 16 1 1 1 1 24 16 25 25 25 29 799 543 29 25 16 16 1 1 1 1 24 16 17 17 25 29 17 17 16 17 16 16 1 1 1 1 24 16 25 17 17 21 16 16 16 17 16 16 1 1 1 1 24 127 17 17 17 21 23 799 919 279 287 286 1 1 1 1 28 639 25 17 17 17 895 287 319 831 799 30 1 1 201 30 Star Wars
1 1 24 16 16 20 20 20 21 29 24 541 991 117 1 1 1 1 24 16 16 17 21 412 254 253 17 573 1023 127 1 1 1 1 24 16 17 29 63 255 247 503 20 17 479 121 1 1 1 1 24 16 17 29 127 511 287 1023 543 16 16 16 1 1 1 1 24 16 25 25 25 29 799 543 21 25 16 16 1 1 1 1 24 16 17 25 25 29 17 17 16 17 16 16 1 1 1 1 24 16 25 17 17 21 16 16 16 17 16 16 1 1 1 1 24 127 17 17 17 21 127 799 799 279 287 286 1 1 1 1 29 639 17 17 17 17 319 287 279 823 287 22 1 1 202 30 Star Wars
1 1 24 16 16 20 20 20 29 29 24 541 1023 117 1 1 1 1 24 16 16 16 21 412 254 252 28 541 959 127 1 1 1 1 24 16 17 25 63 245 247 247 20 17 1023 113 1 1 1 1 24 16 17 29 63 255 799 1023 542 16 16 16 1 1 1 1 24 16 25 25 25 29 799 31 20 24 16 16 1 1 1 1 24 16 17 17 25 25 17 17 16 17 16 16 1 1 1 1 24 16 17 17 17 21 20 16 16 17 16 16 1 1 1 1 24 127 17 17 17 21 95 791 799 279 287 278 1 1 1 1 28 703 29 17 17 17 831 799 791 287 415 54 1 1 203 30 Star Wars
1 1 24 16 16 20 20 20 29 29 24 541 1023 117 1 1 1 1 24 16 16 16 21 412 190 508 52 61 1023 119 1 1 1 1 24 16 16 25 61 245 247 503 20 17 511 125 1 1 1 1 24 16 25 29 29 447 285 1023 287 16 16 16 1 1 1 1 24 16 17 25 25 29 29 21 53 17 16 16 1 1 1 1 24 16 17 17 25 29 17 16 16 16 16 16 1 1 1 1 24 16 17 17 17 21 20 17 16 17 17 16 1 1 1 1 24 639 53 17 17 53 31 791 799 279 287 278 1 1 1 1 28 735 29 17 17 29 831 799 791 791 799 54 1 1 204 30 Star Wars
1 1 24 16 16 20 21 21 29 29 25 541 1023 117 1 1 1 1 24 16 16 17 21 404 767 509 21 29 1023 119 1 1 1 1 24 16 17 25 31 247 255 247 21 17 991 117 1 1 1 1 24 16 17 25 31 511 927 1023 479 17 16 16 1 1 1 1 24 16 17 25 25 31 543 543 21 21 17 16 1 1 1 1 24 16 17 17 25 25 25 17 16 17 17 16 1 1 1 1 24 16 17 17 17 17 21 17 16 16 17 16 1 1 1 1 24 639 63 17 17 29 31 311 287 279 287 278 1 1 1 1 29 1023 29 17 17 21 63 799 791 823 799 22 1 1 205 30 Star Wars
1 1 24 16 16 20 20 20 29 29 24 541 991 117 1 1 1 1 24 16 16 17 21 404 255 253 20 29 1023 119 1 1 1 1 24 16 16 25 29 501 255 253 21 17 991 117 1 1 1 1 24 16 17 25 31 1023 927 983 799 16 16 16 1 1 1 1 24 16 17 25 25 31 29 31 21 21 16 16 1 1 1 1 24 16 17 17 25 25 29 17 16 17 16 16 1 1 1 1 24 16 17 17 17 21 21 16 16 17 17 16 1 1 1 1 24 639 63 17 17 21 23 287 319 279 319 278 1 1 1 1 541 991 31 17 17 29 55 799 287 319 287 22 1 1 206 30 Star Wars
1 1 24 16 16 16 28 29 29 21 25 541 991 117 1 1 1 1 24 16 16 17 21 404 255 125 20 29 1023 119 1 1 1 1 24 16 16 25 31 255 255 509 21 17 1023 117 1 1 1 1 24 16 17 25 31 1023 413 1023 319 17 16 16 1 1 1 1 24 16 17 25 25 29 29 31 21 21 16 16 1 1 1 1 24 16 17 17 25 25 29 17 16 17 17 16 1 1 1 1 24 16 17 17 17 17 21 17 17 16 17 16 1 1 1 1 24 639 63 17 17 49 31 791 319 287 287 286 1 1 1 1 541 639 63 17 17 29 63 799 279 319 287 54 1 1 207 30 Star Wars
1 1 24 16 16 16 21 21 29 21 25 541 1023 117 1 1 1 1 24 16 16 17 21 405 255 61 28 29 1023 119 1 1 1 1 24 16 16 25 31 255 511 511 21 17 1023 117 1 1 1 1 24 16 17 25 31 511 447 991 927 17 16 16 1 1 1 1 24 16 17 25 25 543 543 63 21 21 16 16 1 1 1 1 24 16 17 17 25 25 29 17 16 17 17 16 1 1 1 1 24 16 25 17 17 17 21 17 17 16 16 16 1 1 1 1 24 127 127 17 17 49 31 799 831 471 287 278 1 1 1 1 541 639 63 17 17 29 23 799 287 319 287 54 1 1 208 30 Star Wars
1 1 24 16 16 16 21 21 29 29 25 541 1023 53 1 1 1 1 24 16 16 17 21 413 255 189 20 541 1023 119 1 1 1 1 24 16 16 25 31 509 255 511 21 17 1023 117 1 1 1 1 24 16 16 25 31 1023 447 471 799 17 16 16 1 1 1 1 24 16 17 25 25 31 29 799 799 25 16 16 1 1 1 1 24 16 17 17 25 25 29 16 16 17 17 16 1 1 1 1 24 16 17 17 17 17 21 16 16 16 17 16 1 1 1 1 24 127 639 21 17 49 31 287 863 471 351 318 1 1 1 1 541 735 575 25 17 29 63 799 287 823 287 54 1 1 209 30 Star Wars
1 1 24 16 16 16 21 21 29 29 25 541 1023 117 1 1 1 1 24 16 16 17 21 405 255 253 20 29 1023 119 1 1 1 1 24 16 16 25 29 413 511 511 21 17 1023 117 1 1 1 1 24 16 16 25 29 479 1023 471 799 17 16 16 1 1 1 1 24 16 17 25 25 31 29 799 31 17 16 16 1 1 1 1 24 16 17 17 25 25 29 16 16 17 16 16 1 1 1 1 24 16 17 17 17 17 21 16 16 16 16 16 1 1 1 1 24 255 127 17 17 21 31 287 287 279 351 62 1 1 1 1 540 991 575 25 17 29 63 287 287 823 279 22 1 1 210 30 Star Wars
1 1 24 16 16 16 21 21 29 29 25 541 1023 117 1 1 1 1 24 16 16 17 21 405 511 253 53 541 1023 119 1 1 1 1 24 16 16 17 31 415 511 511 21 17 1023 117 1 1 1 1 24 16 17 25 31 415 511 479 799 17 16 16 1 1 1 1 24 16 17 25 25 31 29 799 799 17 17 16 1 1 1 1 24 16 17 17 25 25 21 16 16 17 17 16 1 1 1 1 24 16 17 17 17 17 21 16 16 16 16 16 1 1 1 1 24 127 639 17 17 21 95 575 311 279 351 62 1 1 1 1 540 1023 575 25 17 29 63 31 927 799 279 22 1 1 211 30 Star Wars
1 1 24 16 16 16 21 21 29 29 25 541 1023 117 1 1 1 1 24 16 16 17 21 405 511 1021 52 29 1023 119 1 1 1 1 24 16 16 17 31 479 767 511 21 17 1023 117 1 1 1 1 24 16 17 29 29 1023 511 479 799 17 16 16 1 1 1 1 24 16 17 25 25 31 31 831 799 17 17 16 1 1 1 1 24 16 25 17 25 25 17 16 17 17 17 16 1 1 1 1 24 16 17 17 17 21 16 16 17 16 16 16 1 1 1 1 24 127 127 17 17 21 31 791 863 279 799 190 1 1 1 1 541 1023 575 25 17 29 63 287 863 823 279 54 1 1 212 30 Star Wars
1 1 24 16 16 16 21 21 29 29 25 541 1023 117 1 1 1 1 24 16 16 17 21 405 511 253 53 29 1023 119 1 1 1 1 24 16 16 17 31 511 255 255 21 17 991 117 1 1 1 1 24 16 16 29 29 927 253 415 799 17 16 16 1 1 1 1 24 16 17 25 25 29 21 287 799 17 17 16 1 1 1 1 24 16 17 17 25 29 17 16 16 17 17 16 1 1 1 1 24 16 17 17 17 21 16 16 17 16 16 16 1 1 1 1 24 127 127 17 17 21 63 319 407 279 799 318 1 1 1 1 540 1023 575 25 17 29 63 287 799 823 407 22 1 1 213 30 Star Wars
1 1 24 16 16 16 21 21 29 29 25 541 1023 117 1 1 1 1 24 16 16 17 21 405 511 189 21 29 1023 119 1 1 1 1 24 16 16 17 29 447 255 511 21 17 991 117 1 1 1 1 24 16 16 25 29 511 245 479 799 17 16 16 1 1 1 1 24 16 17 25 25 29 21 543 543 17 16 16 1 1 1 1 24 16 17 17 25 29 17 16 16 17 17 16 1 1 1 1 24 16 17 17 17 21 17 16 17 16 16 16 1 1 1 1 24 639 127 17 17 21 95 279 799 279 799 278 1 1 1 1 540 1023 543 25 17 29 55 287 799 311 319 22 1 1 214 30 Star Wars
1 1 24 16 16 16 21 21 29 29 25 541 1023 117 1 1 1 1 24 16 16 17 21 405 511 245 21 29 1023 119 1 1 1 1 24 16 16 17 31 471 255 503 21 17 831 117 1 1 1 1 24 16 16 25 29 511 247 927 799 17 16 16 1 1 1 1 24 16 17 25 25 29 21 799 31 17 16 16 1 1 1 1 24 16 17 17 25 29 17 16 17 17 17 16 1 1 1 1 24 16 17 17 17 21 17 17 17 16 17 16 1 1 1 1 24 639 127 17 17 21 127 799 799 279 287 22 1 1 1 1 540 735 543 25 17 29 55 287 927 311 311 54 1 1 215 30 Star Wars
1 1 24 16 16 16 21 21 29 29 25 541 1023 117 1 1 1 1 24 16 16 21 21 413 255 245 21 29 1023 119 1 1 1 1 24 16 16 17 31 503 255 503 21 17 991 117 1 1 1 1 24 16 16 25 31 511 509 511 799 17 16 16 1 1 1 1 24 16 25 25 25 25 31 543 21 17 17 16 1 1 1 1 24 16 17 17 25 29 17 16 17 17 17 16 1 1 1 1 24 16 17 17 17 21 17 17 17 16 17 16 1 1 1 1 24 127 127 21 17 21 95 311 311 279 799 278 1 1 1 1 540 1023 575 25 17 25 55 287 927 831 351 54 1 1 216 30 Star Wars
1 1 24 16 16 16 21 21 29 29 25 541 1023 117 1 1 1 1 24 16 16 21 21 405 255 53 21 29 1023 119 1 1 1 1 24 16 16 25 31 503 255 503 21 17 991 117 1 1 1 1 24 16 16 25 29 189 29 991 799 17 16 16 1 1 1 1 24 16 17 25 25 25 31 31 21 17 17 16 1 1 1 1 24 16 17 17 25 29 17 16 17 17 17 16 1 1 1 1 24 16 17 17 17 21 17 17 16 21 17 16 1 1 1 1 24 639 127 21 17 21 95 311 343 279 319 278 1 1 1 1 540 1023 543 17 17 25 55 287 927 799 287 54 1 1 217 30 Star Wars
1 1 24 16 16 16 21 21 29 29 25 541 1023 117 1 1 1 1 24 16 16 17 21 405 255 125 21 29 1023 119 1 1 1 1 24 16 16 25 31 1023 255 503 21 17 991 125 1 1 1 1 24 16 16 25 29 511 29 991 799 17 16 16 1 1 1 1 24 16 17 25 25 25 31 543 21 17 17 16 1 1 1 1 24 16 17 17 25 29 17 16 17 17 17 16 1 1 1 1 24 16 17 17 17 21 16 16 16 21 21 16 1 1 1 1 24 639 127 21 17 21 95 375 791 279 799 278 1 1 1 1 541 895 543 25 17 25 55 287 415 799 279 54 1 1 218 30 Star Wars
1 1 24 16 16 16 21 21 29 29 25 541 1023 117 1 1 1 1 24 16 16 17 21 405 255 127 21 29 1023 119 1 1 1 1 24 16 16 25 63 511 255 503 21 17 991 117 1 1 1 1 24 16 16 25 31 447 29 991 831 17 16 16 1 1 1 1 24 16 17 25 25 29 61 31 29 17 17 16 1 1 1 1 24 16 17 17 25 29 21 16 17 17 17 16 1 1 1 1 24 16 17 17 17 21 20 17 17 21 29 16 1 1 1 1 24 1023 127 21 17 17 95 279 823 279 287 278 1 1 1 1 540 895 543 25 17 25 55 287 287 831 279 54 1 1 219 30 Star Wars
1 1 24 16 16 16 21 21 29 29 25 541 1023 117 1 1 1 1 24 16 16 17 21 405 255 255 21 29 1023 119 1 1 1 1 24 16 16 25 31 503 255 511 21 17 991 117 1 1 1 1 24 16 16 25 31 511 29 991 799 17 16 16 1 1 1 1 24 16 17 25 25 29 61 31 29 17 17 16 1 1 1 1 24 16 17 17 25 29 17 16 16 17 17 16 1 1 1 1 24 16 17 17 17 21 16 16 16 21 21 16 1 1 1 1 24 1023 639 21 17 21 319 279 799 279 287 278 1 1 1 1 540 991 543 25 17 25 55 799 799 799 351 54 1 1 220 30 Star Wars
1 1 24 16 16 16 21 21 29 29 25 541 1023 117 1 1 1 1 24 16 16 17 21 405 253 511 29 29 1023 119 1 1 1 1 24 16 16 25 31 511 255 1023 21 17 991 117 1 1 1 1 24 16 16 25 29 255 21 991 799 17 16 16 1 1 1 1 24 16 17 25 25 29 31 543 29 17 16 16 1 1 1 1 24 16 17 17 25 25 29 16 16 17 17 16 1 1 1 1 24 16 25 17 17 21 16 16 16 20 29 16 1 1 1 1 24 1023 127 21 17 21 287 543 855 279 319 278 1 1 1 1 541 863 575 25 17 29 55 287 287 831 279 54 1 1 221 30 Star Wars
1 1 24 16 16 16 21 21 29 29 25 541 1023 117 1 1 1 1 24 16 16 17 21 405 255 511 29 29 1023 119 1 1 1 1 24 16 16 25 63 511 255 511 21 17 991 117 1 1 1 1 24 16 17 29 29 255 279 991 799 17 16 16 1 1 1 1 24 16 17 25 25 29 63 543 29 17 16 16 1 1 1 1 24 16 17 17 25 29 29 16 16 17 17 16 1 1 1 1 24 16 17 25 17 21 16 16 16 16 21 16 1 1 1 1 24 1023 639 21 17 21 31 535 831 279 319 310 1 1 1 1 541 1023 575 17 17 21 55 287 799 831 919 22 1 1 222 30 Star Wars
1 1 24 16 16 16 21 21 29 29 25 541 1023 117 1 1 1 1 24 16 16 17 21 405 253 511 29 29 1023 119 1 1 1 1 24 16 16 25 31 511 255 503 21 17 991 125 1 1 1 1 24 16 16 29 31 255 61 479 799 17 16 16 1 1 1 1 24 16 17 25 25 29 63 799 31 17 16 16 1 1 1 1 24 16 17 17 25 29 29 16 16 17 16 16 1 1 1 1 24 16 17 17 17 21 20 17 16 16 21 16 1 1 1 1 24 1023 127 21 17 21 63 63 311 279 799 310 1 1 1 1 541 1023 575 17 17 21 55 375 799 831 287 22 1 1 223 30 Star Wars
1 1 24 16 16 16 21 21 29 29 25 541 1023 117 1 1 1 1 24 16 16 17 21 405 253 511 21 29 1023 119 1 1 1 1 24 16 16 25 31 511 255 247 21 17 991 125 1 1 1 1 24 16 16 25 29 1023 21 479 287 17 16 16 1 1 1 1 24 16 17 25 25 29 29 287 543 17 16 16 1 1 1 1 24 16 17 17 25 25 29 16 16 17 17 16 1 1 1 1 24 16 17 17 17 21 20 17 16 16 21 16 1 1 1 1 24 639 639 21 17 21 319 55 823 279 287 278 1 1 1 1 541 1023 543 17 17 21 55 287 895 863 383 22 1 1 224 30 Star Wars
1 1 24 16 16 16 21 21 29 29 25 541 1023 117 1 1 1 1 24 16 16 21 29 405 253 511 29 29 1023 119 1 1 1 1 24 16 16 25 31 511 255 503 53 17 991 125 1 1 1 1 24 16 16 25 29 511 405 511 863 17 16 16 1 1 1 1 24 16 17 25 25 29 29 799 287 17 16 16 1 1 1 1 24 16 17 17 25 25 29 16 16 17 17 16 1 1 1 1 24 16 17 17 17 17 21 17 16 16 17 16 1 1 1 1 24 895 639 21 17 21 319 23 55 407 319 278 1 1 1 1 540 991 31 25 17 21 55 31 791 831 863 22 1 1 225 30 Star Wars
1 1 24 16 16 16 21 21 29 29 25 541 1023 117 1 1 1 1 24 16 16 20 29 405 253 511 29 29 1023 119 1 1 1 1 24 16 16 25 31 511 255 503 21 17 991 125 1 1 1 1 24 16 16 29 31 511 471 479 895 17 16 16 1 1 1 1 24 16 17 25 25 29 63 799 959 31 16 16 1 1 1 1 24 16 17 17 25 29 29 16 17 17 17 16 1 1 1 1 24 16 17 17 17 17 21 17 16 16 17 16 1 1 1 1 24 639 639 21 17 17 287 23 63 407 319 278 1 1 1 1 541 991 639 25 17 29 55 31 311 831 287 22 1 1 226 30 Star Wars
1 1 24 16 16 16 21 29 29 29 25 541 1023 117 1 1 1 1 24 16 16 16 29 405 255 511 21 29 1023 119 1 1 1 1 24 16 16 25 31 510 511 503 53 17 991 117 1 1 1 1 24 16 16 29 29 1023 61 1023 863 17 16 16 1 1 1 1 24 16 17 25 25 29 61 799 959 543 16 16 1 1 1 1 24 16 17 17 25 25 29 16 16 17 17 16 1 1 1 1 24 16 17 17 17 17 17 16 16 16 17 16 1 1 1 1 24 639 639 21 17 17 95 54 279 311 287 278 1 1 1 1 541 1023 575 25 17 29 55 31 831 831 287 22 1 1 227 30 Star Wars
1 1 24 16 16 16 21 20 29 21 25 541 1023 117 1 1 1 1 24 16 16 16 21 405 1023 509 29 29 1023 119 1 1 1 1 24 16 16 25 31 247 503 246 21 17 991 117 1 1 1 1 24 16 16 25 29 511 29 479 349 17 16 16 1 1 1 1 24 16 17 25 25 31 29 799 799 541 16 16 1 1 1 1 24 16 17 17 25 25 29 16 16 49 16 16 1 1 1 1 24 16 17 17 17 17 17 16 16 16 16 16 1 1 1 1 24 639 639 17 17 17 31 54 319 279 287 278 1 1 1 1 541 1023 607 25 17 29 63 55 799 831 351 22 1 1 228 30 Star Wars
1 1 24 16 16 16 21 21 29 29 25 541 1023 117 1 1 1 1 24 16 16 16 21 149 511 255 21 541 1023 119 1 1 1 1 24 16 16 25 31 247 247 502 117 17 991 117 1 1 1 1 24 16 16 25 31 959 255 1023 349 17 16 16 1 1 1 1 24 16 17 25 25 63 285 799 831 543 16 16 1 1 1 1 24 16 17 17 25 25 29 16 16 17 17 16 1 1 1 1 24 16 17 17 17 17 17 16 16 16 17 16 1 1 1 1 24 607 127 17 17 17 31 55 799 279 383 310 1 1 1 1 541 1023 607 25 17 21 63 23 799 831 799 22 1 1 229 30 Star Wars
1 1 24 16 16 16 21 21 21 29 25 541 1023 117 1 1 1 1 24 16 16 16 21 405 511 255 21 541 1023 119 1 1 1 1 24 16 16 25 31 183 503 502 55 17 991 113 1 1 1 1 24 16 16 25 31 1023 223 1023 861 17 16 16 1 1 1 1 24 16 17 25 25 127 63 799 799 541 16 16 1 1 1 1 24 16 17 17 25 25 25 16 16 17 17 16 1 1 1 1 24 16 17 17 17 17 21 16 17 17 17 16 1 1 1 1 24 639 127 17 17 21 31 63 799 799 287 286 1 1 1 1 541 991 607 25 17 21 63 23 1023 831 927 22 1 1 230 30 Star Wars
1 1 24 16 16 16 20 21 21 29 25 541 1023 117 1 1 1 1 24 16 16 16 21 149 1023 255 21 541 1023 119 1 1 1 1 24 16 16 25 31 447 511 247 55 17 415 117 1 1 1 1 24 16 16 25 29 511 247 511 381 17 16 16 1 1 1 1 24 16 17 25 25 63 31 799 799 29 16 16 1 1 1 1 24 16 17 17 25 25 25 16 16 17 17 16 1 1 1 1 24 16 17 17 17 17 21 16 16 17 17 16 1 1 1 1 24 639 127 21 17 21 31 31 799 791 319 286 1 1 1 1 541 991 575 25 17 21 63 23 927 831 799 54 1 1 231 30 Star Wars
1 1 24 16 16 16 21 21 29 29 25 541 1023 117 1 1 1 1 24 16 16 16 21 405 1023 117 21 541 1023 119 1 1 1 1 24 16 16 25 29 183 255 247 55 17 991 117 1 1 1 1 24 16 16 25 29 511 247 991 831 17 16 16 1 1 1 1 24 16 17 25 25 31 127 799 799 21 16 16 1 1 1 1 24 16 17 17 25 25 29 16 16 17 17 16 1 1 1 1 24 16 17 17 17 17 21 16 16 16 21 16 1 1 1 1 24 639 127 17 17 21 31 23 1023 279 287 286 1 1 1 1 540 1023 543 25 17 21 63 23 927 831 319 54 1 1 232 30 Star Wars
1 1 24 16 16 16 21 21 29 29 25 541 1023 117 1 1 1 1 24 16 16 17 21 405 255 125 21 541 1023 119 1 1 1 1 24 16 16 25 29 927 255 255 55 17 991 117 1 1 1 1 24 16 16 25 29 1023 479 1023 831 17 16 16 1 1 1 1 24 16 17 25 25 255 735 831 543 23 16 16 1 1 1 1 24 16 17 17 25 25 29 17 16 17 17 16 1 1 1 1 24 16 17 17 17 17 21 16 16 17 29 16 1 1 1 1 24 639 639 17 17 21 31 55 799 407 287 278 1 1 1 1 541 991 543 25 17 29 63 287 671 831 279 54 1 1 233 30 Star Wars
1 1 24 16 16 16 20 20 21 21 25 541 1023 117 1 1 1 1 24 16 16 17 21 405 253 125 21 541 1023 119 1 1 1 1 24 16 16 25 29 479 255 255 21 17 1023 117 1 1 1 1 24 16 16 25 29 1023 511 991 831 25 16 16 1 1 1 1 24 16 17 25 25 223 223 543 31 21 16 16 1 1 1 1 24 16 17 17 25 25 29 16 16 17 17 16 1 1 1 1 24 16 17 17 17 17 21 16 16 16 21 16 1 1 1 1 24 639 63 17 17 21 31 63 575 279 799 278 1 1 1 1 541 639 543 25 17 21 55 287 279 831 279 63 1 1 234 30 Star Wars
1 1 24 16 16 16 21 29 29 29 25 541 1023 117 1 1 1 1 24 16 16 17 21 413 253 117 21 29 1023 119 1 1 1 1 24 16 16 17 29 215 509 255 21 17 415 117 1 1 1 1 24 16 16 25 29 511 503 895 799 29 16 16 1 1 1 1 24 16 17 25 25 255 159 543 575 53 17 16 1 1 1 1 24 16 17 17 25 25 29 16 16 16 17 16 1 1 1 1 24 16 17 17 17 17 21 17 16 16 16 16 1 1 1 1 24 127 63 17 17 21 31 543 927 799 279 279 1 1 1 1 541 1023 543 25 17 25 63 287 287 863 279 55 1 1 235 30 Star Wars
1 1 24 16 16 16 28 29 29 29 25 541 1023 117 1 1 1 1 24 16 16 17 21 445 511 61 21 29 1023 119 1 1 1 1 24 16 16 17 29 439 255 119 23 17 415 117 1 1 1 1 24 16 16 25 29 927 223 831 831 29 16 16 1 1 1 1 24 16 17 25 25 223 255 543 575 53 17 16 1 1 1 1 24 16 17 17 25 25 29 16 16 17 16 16 1 1 1 1 24 16 17 25 17 17 21 17 17 16 17 16 1 1 1 1 24 127 63 17 17 21 31 31 799 287 279 375 1 1 1 1 540 895 31 25 17 25 63 287 287 799 791 287 1 1 237 30 Star Wars
1 1 24 16 16 16 20 21 29 29 25 541 1023 117 1 1 1 1 24 16 16 17 21 157 511 53 29 29 1023 119 1 1 1 1 24 16 16 17 29 405 255 61 21 17 415 117 1 1 1 1 24 16 16 25 29 991 255 29 799 799 16 16 1 1 1 1 24 16 17 25 25 95 191 541 55 61 17 16 1 1 1 1 24 16 17 17 25 25 21 16 16 16 16 16 1 1 1 1 24 16 17 17 17 17 21 17 16 16 16 16 1 1 1 1 24 127 61 17 17 21 31 31 575 279 279 375 1 1 1 1 540 639 29 25 17 25 55 535 799 863 791 319 1 1 238 30 Star Wars
1 1 24 16 16 16 21 29 29 29 25 541 991 117 1 1 1 1 24 16 16 16 29 509 255 29 17 29 1023 119 1 1 1 1 24 16 16 25 29 479 255 543 21 17 991 117 1 1 1 1 24 16 17 25 29 959 511 797 831 21 16 16 1 1 1 1 24 16 17 25 25 29 157 21 20 29 16 16 1 1 1 1 24 16 17 17 25 25 17 16 16 17 16 16 1 1 1 1 24 16 17 17 17 17 21 17 16 16 16 16 1 1 1 1 24 639 17 17 17 29 31 287 287 279 287 286 1 1 1 1 29 639 25 25 17 25 31 287 799 799 799 22 1 1 248 30 Star Wars
1 1 24 16 16 16 17 21 21 25 25 541 1023 117 1 1 1 1 24 16 16 17 29 213 511 29 17 29 1023 125 1 1 1 1 24 16 16 25 415 511 191 799 21 17 991 117 1 1 1 1 24 16 17 25 29 511 735 799 799 25 16 16 1 1 1 1 24 16 17 25 25 25 25 21 17 17 16 16 1 1 1 1 24 16 17 17 17 29 17 17 16 17 16 16 1 1 1 1 24 16 17 17 1 21 21 17 16 16 16 16 1 1 1 1 24 639 25 25 17 29 31 287 279 279 799 278 1 1 1 1 541 831 17 25 17 25 31 799 799 791 799 62 1 1 251 30 Star Wars
1 1 24 16 16 16 17 21 29 29 25 541 1023 117 1 1 1 1 24 16 16 17 29 213 509 29 17 29 1023 125 1 1 1 1 28 16 16 25 191 415 511 799 21 17 927 117 1 1 1 1 24 16 17 25 29 511 223 799 831 17 16 16 1 1 1 1 24 16 17 25 25 25 29 20 17 17 16 16 1 1 1 1 24 16 17 17 17 21 16 16 16 17 16 16 1 1 1 1 24 16 17 17 17 21 21 16 16 16 16 16 1 1 1 1 24 639 25 29 17 29 31 503 791 279 287 278 1 1 1 1 541 831 17 25 17 25 31 287 799 799 287 54 1 1 252 30 Star Wars
1 1 24 16 16 16 17 21 25 25 25 541 1023 117 1 1 1 1 24 16 16 17 29 215 511 29 29 29 1023 125 1 1 1 1 28 16 16 25 511 478 255 799 31 17 991 125 1 1 1 1 24 16 17 25 29 511 255 831 831 17 16 16 1 1 1 1 24 16 17 25 25 25 29 20 17 17 16 16 1 1 1 1 24 16 17 17 17 21 16 16 16 17 16 16 1 1 1 1 24 16 17 17 17 21 17 16 16 16 16 16 1 1 1 1 24 639 25 25 17 29 31 311 791 279 287 278 1 1 1 1 541 543 17 25 17 25 287 287 791 799 543 62 1 1 253 30 Star Wars
1 1 24 16 16 16 17 21 29 29 25 541 1023 117 1 1 1 1 24 16 16 17 29 215 255 29 25 29 1023 125 1 1 1 1 28 16 17 25 159 511 223 799 31 17 991 125 1 1 1 1 24 16 17 25 25 1023 157 831 799 17 16 16 1 1 1 1 24 16 25 25 25 25 25 16 16 17 16 16 1 1 1 1 24 16 17 17 17 21 16 16 16 17 16 16 1 1 1 1 24 16 17 17 17 21 17 16 16 16 16 16 1 1 1 1 24 639 17 25 17 29 319 287 311 415 30 278 1 1 1 1 541 799 17 17 17 25 287 287 287 799 798 62 1 1 255 30 Star Wars
1 1 24 16 16 16 17 21 29 25 25 541 1023 117 1 1 1 1 24 16 16 17 61 247 183 55 29 29 991 127 1 1 1 1 24 16 17 29 61 511 439 191 21 17 991 53 1 1 1 1 24 16 25 25 29 159 31 831 63 17 16 16 1 1 1 1 24 16 17 25 25 25 29 20 17 17 16 16 1 1 1 1 24 16 17 17 25 21 16 17 17 17 16 16 1 1 1 1 24 16 17 17 1 21 16 16 16 16 17 16 1 1 1 1 24 639 57 29 17 21 287 279 279 799 414 278 1 1 1 1 541 799 25 25 17 25 319 287 791 831 798 54 1 1 259 30 Star Wars
1 1 24 16 16 16 17 21 29 25 25 541 1023 117 1 1 1 1 24 16 16 17 61 247 119 117 29 29 1023 127 1 1 1 1 28 16 17 29 31 511 511 1023 21 17 991 53 1 1 1 1 24 16 25 25 29 1023 31 959 63 17 16 16 1 1 1 1 24 16 17 25 25 25 29 52 49 17 16 16 1 1 1 1 24 16 17 17 25 21 16 16 16 17 16 16 1 1 1 1 24 17 17 17 1 21 16 16 16 16 17 16 1 1 1 1 24 639 57 25 17 21 287 279 279 287 414 278 1 1 1 1 541 543 25 17 17 25 831 287 791 799 798 54 1 1 260 30 Star Wars
1 1 24 16 16 16 17 21 21 25 25 541 1023 117 1 1 1 1 24 16 16 17 61 500 119 61 29 29 991 125 1 1 1 1 24 16 17 29 31 503 439 509 21 17 991 53 1 1 1 1 24 16 25 29 29 511 543 927 29 17 16 16 1 1 1 1 24 16 25 25 25 25 29 16 49 17 16 16 1 1 1 1 24 16 17 17 25 21 16 16 16 17 16 16 1 1 1 1 24 17 17 17 1 21 16 16 16 16 16 16 1 1 1 1 24 639 57 25 17 21 799 279 311 959 30 62 1 1 1 1 540 543 25 25 17 17 863 799 279 855 798 54 1 1 262 30 Star Wars
1 1 24 16 16 16 16 17 21 25 25 541 1023 117 1 1 1 1 24 16 17 29 29 212 63 116 29 541 1023 117 1 1 1 1 24 16 25 31 29 471 439 255 20 17 991 49 1 1 1 1 24 16 25 25 29 511 927 1023 29 17 16 16 1 1 1 1 24 16 25 25 25 29 23 16 25 17 16 16 1 1 1 1 24 17 17 25 25 21 16 16 16 17 16 16 1 1 1 1 24 16 17 1 17 21 16 16 16 16 17 16 1 1 1 1 24 895 61 25 17 21 279 279 887 319 287 286 1 1 1 1 540 541 29 25 17 21 287 799 895 831 286 54 1 1 272 30 Star Wars
1 1 24 16 16 16 20 16 20 21 24 541 1023 113 1 1 1 1 24 16 16 25 29 148 767 511 28 541 1023 125 1 1 1 1 24 16 25 31 29 503 511 246 84 17 927 117 1 1 1 1 24 16 25 29 25 255 797 927 29 17 16 16 1 1 1 1 24 16 25 25 25 29 29 20 16 17 16 16 1 1 1 1 24 16 17 25 25 21 16 16 16 16 16 16 1 1 1 1 24 16 17 17 17 17 16 16 16 16 16 16 1 1 1 1 24 639 127 25 17 17 287 279 799 63 543 310 1 1 1 1 540 543 541 17 17 21 351 279 287 831 351 22 1 1 276 30 Star Wars
1 1 24 16 16 16 20 21 21 25 25 541 1023 113 1 1 1 1 24 16 16 25 29 180 1023 255 61 541 1023 127 1 1 1 1 24 16 25 31 29 503 1023 503 213 17 927 117 1 1 1 1 24 16 24 29 25 223 799 927 61 17 16 16 1 1 1 1 24 16 17 25 25 29 799 20 16 17 16 16 1 1 1 1 24 16 17 25 25 29 16 16 16 17 17 16 1 1 1 1 24 16 17 17 17 17 16 16 16 16 17 16 1 1 1 1 24 639 127 29 17 17 287 279 799 55 831 318 1 1 1 1 541 543 541 25 17 29 415 279 287 831 799 278 1 1 277 30 Star Wars
1 1 24 16 16 16 16 17 21 21 25 541 1023 113 1 1 1 1 24 16 16 17 29 213 1023 255 61 541 1023 125 1 1 1 1 24 16 25 31 31 437 511 501 223 17 927 117 1 1 1 1 28 16 17 29 29 511 29 927 575 17 16 16 1 1 1 1 24 16 17 25 25 29 543 23 16 25 17 16 1 1 1 1 24 16 17 25 25 29 24 16 16 17 17 16 1 1 1 1 24 16 17 17 17 21 16 16 16 16 16 16 1 1 1 1 24 127 127 25 17 17 31 791 799 311 607 286 1 1 1 1 541 543 543 25 17 29 87 287 287 799 799 30 1 1 279 30 Star Wars
1 1 24 16 16 16 20 17 21 21 17 541 1023 113 1 1 1 1 24 16 16 25 29 149 959 255 61 541 1023 127 1 1 1 1 24 16 17 31 29 445 503 245 87 17 927 117 1 1 1 1 28 16 17 29 25 447 21 415 575 17 16 16 1 1 1 1 24 16 25 25 25 29 799 797 16 17 17 16 1 1 1 1 24 16 17 25 25 29 25 16 16 17 17 16 1 1 1 1 24 16 17 17 17 21 16 16 16 16 16 16 1 1 1 1 24 127 127 25 17 17 31 791 279 311 607 278 1 1 1 1 541 543 541 25 17 29 87 287 287 831 799 30 1 1 280 30 Star Wars
1 1 28 16 16 20 24 21 29 29 25 541 1023 53 1 1 1 1 24 16 16 17 29 189 255 181 21 29 1023 127 1 1 1 1 24 16 16 25 29 447 503 247 29 17 991 113 1 1 1 1 24 16 16 25 24 511 253 925 799 21 16 16 1 1 1 1 24 16 25 25 25 25 25 29 16 17 16 16 1 1 1 1 24 16 17 17 17 25 21 16 16 16 16 16 1 1 1 1 24 16 25 25 1 17 29 21 16 16 16 16 1 1 1 1 24 127 17 25 17 17 31 799 319 55 31 278 1 1 1 1 28 63 29 17 17 17 23 287 279 63 287 22 1 1 329 30 Star Wars
1 1 28 16 16 20 16 20 29 29 24 541 991 53 1 1 1 1 24 16 16 16 29 157 253 255 20 61 1023 127 1 1 1 1 24 16 16 17 29 415 245 247 799 17 1023 53 1 1 1 1 24 16 16 25 25 479 509 415 287 799 16 16 1 1 1 1 24 16 17 25 25 25 25 24 16 16 17 16 1 1 1 1 24 16 17 17 17 25 21 16 16 16 16 16 1 1 1 1 24 16 17 25 17 1 21 21 16 16 16 16 1 1 1 1 24 127 17 25 17 17 31 279 279 311 279 278 1 1 1 1 28 63 25 17 17 25 31 287 287 895 799 22 1 1 332 30 Star Wars
1 1 24 16 16 16 16 20 21 29 24 541 1023 117 1 1 1 1 24 16 16 16 25 157 191 22 16 29 1023 125 1 1 1 1 24 16 16 17 29 415 511 223 21 17 991 49 1 1 1 1 24 16 16 25 25 191 1023 29 799 799 16 16 1 1 1 1 24 16 17 17 25 25 25 29 28 20 17 16 1 1 1 1 24 16 17 17 17 25 21 16 16 16 17 16 1 1 1 1 24 16 17 17 17 1 21 16 16 16 16 16 1 1 1 1 24 127 17 17 17 29 23 287 311 54 799 278 1 1 1 1 28 639 17 17 17 25 63 287 279 319 927 31 1 1 335 30 Star Wars
1 1 24 16 16 21 17 29 17 25 25 541 1023 117 1 1 1 1 24 16 16 21 61 439 383 124 29 541 1023 255 1 1 1 1 24 16 17 29 511 509 501 215 21 17 1023 53 1 1 1 1 24 16 25 25 29 767 287 895 799 16 16 16 1 1 1 1 24 17 17 25 25 31 799 543 21 17 16 16 1 1 1 1 24 16 17 17 25 29 17 16 16 17 16 16 1 1 1 1 24 16 17 17 17 21 20 16 16 16 16 16 1 1 1 1 29 639 25 17 21 29 31 319 319 823 287 278 1 1 1 1 29 575 17 17 25 61 287 279 407 287 799 22 1 1 348 30 Star Wars
1 1 24 16 16 21 17 29 25 25 25 541 991 117 1 1 1 1 24 16 16 29 61 255 503 126 29 541 1023 511 1 1 1 1 24 16 17 29 447 511 501 247 21 17 991 53 1 1 1 1 24 16 25 29 29 191 285 895 799 16 16 16 1 1 1 1 24 17 17 25 25 29 799 543 20 17 16 16 1 1 1 1 24 16 17 17 25 29 16 16 16 17 16 16 1 1 1 1 24 16 17 17 17 21 16 16 16 16 16 16 1 1 1 1 29 639 17 17 21 29 31 279 319 279 287 286 1 1 1 1 29 639 17 17 25 61 799 287 407 319 415 22 1 1 349 30 Star Wars
1 1 24 16 16 21 17 29 17 25 25 541 1023 117 1 1 1 1 24 16 16 17 29 52 503 118 29 541 927 255 1 1 1 1 24 16 17 29 511 509 503 215 21 17 991 53 1 1 1 1 24 16 25 29 29 31 29 991 799 16 16 16 1 1 1 1 24 17 25 25 25 31 799 543 29 25 16 16 1 1 1 1 24 16 17 17 25 29 17 16 16 17 16 16 1 1 1 1 24 16 17 17 17 21 16 16 16 16 16 16 1 1 1 1 29 639 17 17 21 29 287 799 407 319 279 286 1 1 1 1 29 575 17 17 25 61 159 791 279 351 799 22 1 1 350 30 Star Wars
1 1 24 16 16 21 17 29 25 25 25 541 991 125 1 1 1 1 24 16 16 17 189 244 511 244 29 541 927 383 1 1 1 1 24 16 17 29 415 252 503 159 21 17 1023 53 1 1 1 1 24 16 25 29 29 31 415 927 799 16 16 16 1 1 1 1 24 17 25 25 25 29 799 31 29 25 16 16 1 1 1 1 24 16 17 17 25 29 16 16 16 17 16 16 1 1 1 1 24 16 17 17 25 21 16 16 16 16 16 16 1 1 1 1 25 639 17 17 21 21 127 799 343 279 287 278 1 1 1 1 29 607 17 17 25 57 671 287 279 863 799 30 1 1 352 30 Star Wars
1 1 24 16 16 17 17 29 17 25 25 541 1023 117 1 1 1 1 24 16 16 24 157 116 511 252 29 541 991 117 1 1 1 1 24 16 17 29 413 181 245 183 21 17 991 57 1 1 1 1 24 16 25 29 29 23 927 927 799 16 16 16 1 1 1 1 24 17 25 25 25 29 541 31 31 17 16 16 1 1 1 1 24 16 17 25 25 29 16 16 16 17 16 16 1 1 1 1 24 17 17 25 17 21 16 16 16 16 16 16 1 1 1 1 25 639 17 17 21 21 287 351 311 287 287 278 1 1 1 1 29 639 17 17 25 61 799 287 919 863 287 30 1 1 353 30 Star Wars
1 1 24 16 16 20 21 28 17 25 25 541 1023 125 1 1 1 1 24 16 16 25 189 253 1023 245 29 541 1023 117 1 1 1 1 24 16 17 29 1023 509 511 215 21 17 1023 61 1 1 1 1 24 16 25 29 29 63 415 927 799 16 16 16 1 1 1 1 24 17 25 25 25 29 799 927 31 17 16 16 1 1 1 1 24 17 17 25 25 29 16 16 16 17 16 16 1 1 1 1 24 17 17 17 17 21 16 17 16 16 16 16 1 1 1 1 25 127 17 17 21 21 831 799 799 831 287 278 1 1 1 1 28 639 17 17 25 57 351 287 799 863 287 30 1 1 354 30 Star Wars
1 1 24 16 16 20 16 20 17 29 16 541 1023 117 1 1 1 1 24 16 16 17 157 180 223 245 17 541 1023 117 1 1 1 1 24 16 17 29 159 245 247 151 21 17 991 57 1 1 1 1 24 16 25 29 29 255 405 927 799 17 16 16 1 1 1 1 24 16 25 25 25 29 29 287 20 16 16 16 1 1 1 1 24 16 17 25 25 29 16 16 16 16 16 16 1 1 1 1 24 16 17 17 17 21 16 17 21 16 16 16 1 1 1 1 24 63 25 17 17 21 575 791 791 919 287 150 1 1 1 1 28 575 17 17 25 25 287 287 287 287 287 62 1 1 356 30 Star Wars
1 1 24 16 16 20 17 28 29 25 17 541 991 125 1 1 1 1 24 16 16 17 157 444 245 247 21 541 1023 125 1 1 1 1 28 16 17 29 151 503 245 501 17 17 1023 57 1 1 1 1 28 16 25 29 29 511 29 447 799 25 16 16 1 1 1 1 28 17 17 25 25 29 29 831 20 17 16 16 1 1 1 1 24 16 17 17 25 29 17 16 17 17 16 16 1 1 1 1 24 16 17 17 17 21 16 16 21 17 16 16 1 1 1 1 24 639 25 17 17 17 63 799 799 799 287 278 1 1 1 1 540 575 17 17 25 25 319 279 287 415 415 30 1 1 357 30 Star Wars
1 1 24 16 16 20 17 29 21 25 17 541 991 117 1 1 1 1 24 16 16 29 157 436 255 247 21 541 1023 117 1 1 1 1 28 16 17 31 215 501 245 1021 21 17 1023 49 1 1 1 1 28 16 25 29 29 511 63 927 799 25 16 16 1 1 1 1 28 17 25 25 25 29 31 831 22 17 16 16 1 1 1 1 28 16 17 17 25 29 21 16 17 17 16 16 1 1 1 1 24 17 17 17 17 21 20 16 17 17 16 16 1 1 1 1 24 639 25 17 17 17 95 343 799 799 287 278 1 1 1 1 541 543 17 17 17 25 543 279 415 799 415 62 1 1 358 30 Star Wars
1 1 24 16 16 20 17 29 21 25 17 541 991 117 1 1 1 1 24 16 16 17 149 444 53 247 21 541 1023 117 1 1 1 1 28 16 17 29 191 245 53 181 17 17 927 49 1 1 1 1 28 16 25 29 29 511 127 799 831 25 16 16 1 1 1 1 28 17 17 25 25 25 31 63 22 17 16 16 1 1 1 1 28 16 17 17 25 25 21 16 17 17 16 16 1 1 1 1 24 17 17 17 17 21 20 16 21 16 16 16 1 1 1 1 24 575 25 17 17 17 95 311 287 855 287 278 1 1 1 1 541 543 25 17 17 25 31 279 415 479 799 62 1 1 359 30 Star Wars
1 1 24 16 16 20 17 29 21 25 17 541 991 117 1 1 1 1 24 16 16 17 149 510 21 21 21 541 1023 117 1 1 1 1 28 16 17 29 255 437 247 53 17 17 991 49 1 1 1 1 28 16 25 29 29 511 255 287 287 29 16 16 1 1 1 1 28 17 17 25 25 25 29 831 23 17 16 16 1 1 1 1 28 16 17 17 25 25 21 16 16 17 16 16 1 1 1 1 24 17 25 17 17 17 21 16 21 16 16 16 1 1 1 1 24 639 25 17 17 21 23 287 799 415 287 278 1 1 1 1 541 543 17 17 17 25 31 287 407 415 287 54 1 1 360 30 Star Wars
1 1 24 16 16 20 17 21 29 25 17 541 991 117 1 1 1 1 24 16 16 17 149 254 511 245 53 541 991 117 1 1 1 1 28 16 17 29 255 181 511 245 17 17 991 53 1 1 1 1 28 16 25 25 29 511 255 927 799 17 16 16 1 1 1 1 28 17 17 25 25 25 29 575 55 17 16 16 1 1 1 1 24 16 17 17 25 25 21 17 16 17 16 16 1 1 1 1 24 17 25 17 17 17 21 16 48 16 16 16 1 1 1 1 24 575 25 17 17 21 23 279 383 287 311 286 1 1 1 1 28 831 25 17 17 25 23 791 799 351 799 54 1 1 362 30 Star Wars
1 1 24 16 16 20 17 21 29 25 17 541 991 117 1 1 1 1 24 16 16 21 149 252 511 181 21 541 991 117 1 1 1 1 28 16 17 29 255 503 503 245 17 17 991 49 1 1 1 1 28 16 25 25 29 511 255 799 799 17 16 16 1 1 1 1 28 17 17 25 25 25 29 31 20 17 16 16 1 1 1 1 24 16 17 17 25 25 21 16 16 17 16 16 1 1 1 1 24 17 25 17 17 17 21 16 16 16 16 16 1 1 1 1 24 63 25 17 17 21 95 287 287 279 287 286 1 1 1 1 28 575 17 17 17 25 23 799 799 319 799 22 1 1 363 30 Star Wars
1 1 24 16 16 20 17 21 21 25 17 541 991 125 1 1 1 1 24 16 16 17 157 254 511 245 21 541 1023 117 1 1 1 1 28 16 17 29 191 247 503 253 17 17 991 53 1 1 1 1 28 16 25 25 29 511 255 799 799 17 16 16 1 1 1 1 28 17 17 25 25 25 29 23 16 17 16 16 1 1 1 1 24 16 17 17 25 25 21 16 16 17 16 16 1 1 1 1 24 17 25 17 17 17 21 16 16 16 16 16 1 1 1 1 24 63 25 17 17 21 23 503 279 791 287 318 1 1 1 1 28 895 25 17 17 25 23 799 799 319 287 22 1 1 364 30 Star Wars
1 1 24 16 16 20 17 21 17 25 17 541 991 125 1 1 1 1 24 16 16 17 149 255 511 117 21 541 1023 117 1 1 1 1 28 16 17 29 191 503 255 117 17 17 991 49 1 1 1 1 28 16 25 29 29 511 31 799 287 17 16 16 1 1 1 1 28 17 17 25 25 25 61 543 21 17 16 16 1 1 1 1 24 16 17 17 25 29 17 16 16 17 16 16 1 1 1 1 24 17 17 17 17 21 17 17 16 16 16 16 1 1 1 1 24 575 25 17 17 21 31 855 311 287 791 286 1 1 1 1 28 831 25 17 17 25 23 799 919 863 287 22 1 1 366 30 Star Wars
1 1 24 16 16 20 17 21 25 25 17 541 991 125 1 1 1 1 24 16 16 21 149 255 255 53 21 541 1023 117 1 1 1 1 28 16 17 29 191 247 247 21 17 17 991 53 1 1 1 1 28 16 25 29 29 511 23 383 799 17 16 16 1 1 1 1 28 17 25 25 25 25 53 21 53 17 16 16 1 1 1 1 24 16 17 17 25 29 16 16 16 17 16 16 1 1 1 1 24 17 17 25 17 21 16 17 17 16 16 16 1 1 1 1 28 575 25 17 17 21 287 287 791 799 799 286 1 1 1 1 28 575 25 17 17 25 31 287 927 863 799 22 1 1 367 30 Star Wars
1 1 24 16 16 20 21 29 17 25 17 541 1023 125 1 1 1 1 24 16 16 29 149 159 511 29 21 541 1023 117 1 1 1 1 28 16 17 29 159 511 247 255 17 17 991 53 1 1 1 1 28 16 25 29 157 191 29 1023 31 17 16 16 1 1 1 1 28 17 25 25 25 25 55 31 17 17 16 16 1 1 1 1 24 16 17 17 25 29 17 17 17 17 16 16 1 1 1 1 24 17 17 17 17 21 16 17 17 16 16 16 1 1 1 1 24 639 25 17 17 17 31 479 791 799 799 286 1 1 1 1 28 575 25 17 17 25 31 799 415 287 319 22 1 1 370 30 Star Wars
1 1 24 16 16 20 29 29 29 25 17 541 991 125 1 1 1 1 24 16 16 25 151 190 1023 351 21 541 1023 117 1 1 1 1 28 16 25 29 255 503 247 1023 21 17 991 49 1 1 1 1 28 16 25 29 157 255 31 1023 543 17 16 16 1 1 1 1 28 17 25 25 25 25 63 31 17 17 16 16 1 1 1 1 28 16 17 25 25 21 17 16 17 17 16 16 1 1 1 1 24 17 25 17 17 21 16 17 17 16 17 16 1 1 1 1 24 895 25 17 17 17 31 1015 407 799 799 310 1 1 1 1 28 639 25 17 57 29 31 799 927 831 415 22 1 1 372 30 Star Wars
1 1 24 16 16 20 25 29 29 29 17 541 1023 117 1 1 1 1 24 16 16 29 157 222 447 511 21 541 1023 117 1 1 1 1 28 16 17 29 255 503 245 1023 21 17 991 49 1 1 1 1 28 16 25 29 157 223 157 1023 31 17 16 16 1 1 1 1 28 17 25 25 25 29 31 543 17 17 16 16 1 1 1 1 24 16 17 25 25 21 16 16 16 17 16 16 1 1 1 1 24 17 25 17 17 21 16 16 17 16 16 16 1 1 1 1 24 639 25 17 17 17 31 375 287 799 799 286 1 1 1 1 28 639 25 17 25 29 31 799 799 863 831 22 1 1 373 30 Star Wars
1 1 24 16 16 20 25 29 29 29 17 541 991 117 1 1 1 1 24 16 16 25 189 222 1023 991 21 541 1023 125 1 1 1 1 28 16 17 29 223 247 245 255 21 17 991 49 1 1 1 1 28 16 25 29 157 255 157 1023 31 17 16 16 1 1 1 1 28 17 25 25 25 29 575 31 17 17 16 16 1 1 1 1 24 16 17 25 25 21 16 16 16 17 16 16 1 1 1 1 24 17 25 25 17 21 16 16 16 16 17 16 1 1 1 1 24 639 25 17 17 17 31 543 791 799 799 286 1 1 1 1 28 575 25 17 17 29 31 279 799 831 287 22 1 1 374 30 Star Wars
1 1 24 16 16 20 25 29 29 29 17 541 991 117 1 1 1 1 24 16 16 29 159 222 511 479 21 541 959 125 1 1 1 1 28 16 17 29 223 245 247 255 21 17 991 49 1 1 1 1 28 16 25 29 157 223 927 1023 31 17 16 16 1 1 1 1 28 17 25 25 25 31 831 799 53 17 16 16 1 1 1 1 24 16 17 25 25 29 16 16 16 17 16 16 1 1 1 1 24 17 17 17 17 21 16 16 16 16 17 16 1 1 1 1 28 639 25 21 17 17 31 799 831 799 799 286 1 1 1 1 28 639 25 17 17 29 31 791 831 831 287 22 1 1 375 30 Star Wars
1 1 24 16 16 20 17 29 29 25 25 541 991 117 1 1 1 1 24 16 16 29 159 254 1023 511 21 541 1023 125 1 1 1 1 28 16 17 29 255 247 247 255 21 17 991 49 1 1 1 1 28 16 25 29 157 149 927 959 285 17 16 16 1 1 1 1 28 17 25 25 25 31 799 799 53 17 16 16 1 1 1 1 24 16 17 25 25 29 16 16 16 17 16 16 1 1 1 1 24 17 25 17 17 21 16 16 16 16 17 16 1 1 1 1 28 639 17 21 17 17 63 831 831 791 287 286 1 1 1 1 28 575 25 17 17 29 31 799 831 863 287 22 1 1 376 30 Star Wars
1 1 24 16 16 20 17 29 29 29 17 541 991 117 1 1 1 1 24 16 16 25 159 254 959 255 21 541 959 125 1 1 1 1 28 16 17 29 255 247 503 255 21 17 991 53 1 1 1 1 28 16 25 29 221 29 413 927 287 17 16 16 1 1 1 1 28 17 25 25 25 29 29 799 54 16 16 16 1 1 1 1 28 16 17 25 25 29 16 16 16 17 16 16 1 1 1 1 24 17 17 17 17 21 16 16 16 16 16 16 1 1 1 1 28 895 17 21 17 17 31 831 319 799 279 286 1 1 1 1 28 639 25 17 17 29 23 799 927 831 799 22 1 1 377 30 Star Wars
1 1 24 16 16 20 17 29 29 29 17 541 991 117 1 1 1 1 24 16 16 25 157 158 991 255 21 541 1023 125 1 1 1 1 28 16 17 29 255 245 247 255 21 17 991 53 1 1 1 1 28 16 25 29 157 253 149 511 287 17 16 16 1 1 1 1 28 17 25 25 25 29 191 799 54 17 16 16 1 1 1 1 24 16 17 25 25 29 17 16 16 17 16 16 1 1 1 1 24 17 17 17 17 21 16 16 16 17 16 16 1 1 1 1 28 639 25 21 17 21 31 319 287 799 959 286 1 1 1 1 28 639 25 17 49 21 31 799 791 959 799 22 1 1 378 30 Star Wars
1 1 24 16 16 20 17 29 29 25 25 541 991 117 1 1 1 1 24 16 16 25 157 158 1023 255 21 541 1023 125 1 1 1 1 28 16 17 29 255 245 247 247 21 17 927 53 1 1 1 1 28 16 25 29 255 255 29 1023 799 17 16 16 1 1 1 1 24 17 25 25 25 61 31 799 63 17 16 16 1 1 1 1 28 16 17 25 25 29 25 16 16 17 16 16 1 1 1 1 24 17 17 17 17 21 20 16 17 17 16 16 1 1 1 1 24 639 25 21 17 21 31 311 415 855 895 286 1 1 1 1 29 639 25 17 49 21 31 799 791 927 799 22 1 1 379 30 Star Wars
1 1 24 16 16 20 17 29 29 25 17 541 991 117 1 1 1 1 24 16 16 25 157 254 503 255 21 541 1023 117 1 1 1 1 28 16 17 29 255 247 244 247 21 17 927 53 1 1 1 1 28 16 25 29 157 255 21 959 799 17 16 16 1 1 1 1 24 17 25 25 25 31 29 791 575 17 16 16 1 1 1 1 24 16 17 25 25 29 21 16 16 17 16 16 1 1 1 1 24 17 17 17 17 21 20 16 16 16 16 16 1 1 1 1 24 639 17 21 17 21 31 311 959 63 63 318 1 1 1 1 28 639 25 17 49 21 23 823 279 543 415 22 1 1 380 30 Star Wars
1 1 24 16 16 20 17 29 29 25 17 541 991 117 1 1 1 1 24 16 16 25 159 156 255 221 21 541 1023 125 1 1 1 1 28 16 17 25 191 501 245 247 17 17 991 53 1 1 1 1 28 16 25 29 413 447 21 959 799 17 16 16 1 1 1 1 28 17 25 25 25 29 29 799 575 17 16 16 1 1 1 1 28 16 17 25 25 29 25 16 16 17 16 16 1 1 1 1 24 17 17 17 17 21 20 16 16 16 17 16 1 1 1 1 24 895 25 21 17 17 31 319 287 55 287 286 1 1 1 1 28 639 25 17 17 21 23 791 407 895 319 22 1 1 381 30 Star Wars
1 1 24 16 16 20 17 29 29 25 17 541 991 117 1 1 1 1 24 16 16 17 159 254 247 255 21 541 1023 125 1 1 1 1 28 16 17 25 223 245 247 255 17 17 991 113 1 1 1 1 28 16 25 29 415 511 21 1023 799 17 16 16 1 1 1 1 28 17 17 25 25 127 31 799 831 17 16 16 1 1 1 1 24 16 17 17 25 29 21 16 16 16 16 16 1 1 1 1 24 17 17 17 17 21 21 16 17 17 17 16 1 1 1 1 24 895 17 21 17 21 31 831 287 55 831 286 1 1 1 1 28 127 25 17 17 21 23 799 279 511 383 22 1 1 382 30 Star Wars
1 1 24 16 16 20 17 29 29 25 17 541 991 117 1 1 1 1 24 16 16 17 159 222 503 247 21 541 1023 125 1 1 1 1 28 16 17 25 1023 501 511 245 17 17 991 49 1 1 1 1 28 16 17 25 31 1023 55 895 799 17 16 16 1 1 1 1 24 17 17 25 25 61 31 799 575 17 16 16 1 1 1 1 24 16 17 17 25 25 21 17 16 16 16 16 1 1 1 1 24 17 17 17 17 17 21 17 17 16 16 16 1 1 1 1 24 639 17 29 17 21 31 831 63 311 279 286 1 1 1 1 28 639 25 17 17 29 23 799 791 383 447 22 1 1 383 30 Star Wars
1 1 24 16 16 20 17 29 29 25 17 541 991 117 1 1 1 1 24 16 16 17 157 253 511 469 21 541 1023 117 1 1 1 1 28 16 17 25 159 405 503 117 17 17 1023 49 1 1 1 1 28 16 17 25 29 1023 63 831 799 17 16 16 1 1 1 1 24 17 17 25 25 799 31 799 63 29 16 16 1 1 1 1 24 16 17 17 25 25 21 16 16 17 16 16 1 1 1 1 24 17 17 17 17 17 21 17 17 16 16 16 1 1 1 1 24 639 25 17 17 17 575 319 118 287 287 286 1 1 1 1 28 639 25 17 17 29 23 799 823 863 287 54 1 1 384 30 Star Wars
1 1 24 16 16 20 21 29 21 25 17 541 991 117 1 1 1 1 24 16 16 17 413 255 511 245 21 541 1023 117 1 1 1 1 28 16 17 25 415 405 247 245 17 17 959 57 1 1 1 1 28 16 17 25 29 1023 127 799 797 17 16 16 1 1 1 1 24 17 17 25 25 287 31 799 63 29 16 16 1 1 1 1 24 16 17 17 25 25 21 16 16 17 16 16 1 1 1 1 24 17 17 17 17 17 21 17 16 16 16 16 1 1 1 1 24 639 25 17 17 21 31 799 54 799 319 286 1 1 1 1 28 639 25 17 17 29 31 799 575 311 287 54 1 1 385 30 Star Wars
1 1 24 16 16 20 21 29 29 25 21 541 991 117 1 1 1 1 24 16 16 17 415 511 511 245 21 541 1023 117 1 1 1 1 28 16 17 25 991 447 247 245 17 17 479 53 1 1 1 1 28 16 17 25 29 1023 63 799 831 29 16 16 1 1 1 1 24 17 17 25 25 29 31 799 63 31 16 16 1 1 1 1 24 16 17 17 25 25 21 17 17 17 16 16 1 1 1 1 24 17 17 17 17 17 21 17 17 16 16 16 1 1 1 1 24 895 17 21 17 21 31 287 55 279 287 286 1 1 1 1 28 639 25 17 17 29 23 799 343 319 799 54 1 1 386 30 Star Wars
1 1 24 16 16 20 21 29 29 25 21 541 991 117 1 1 1 1 24 16 16 29 415 511 511 181 21 541 959 117 1 1 1 1 28 16 17 25 415 407 247 125 21 17 991 53 1 1 1 1 28 16 17 25 29 1023 639 799 799 29 16 16 1 1 1 1 24 17 17 25 25 29 29 31 20 17 16 16 1 1 1 1 24 16 17 17 25 25 21 16 16 17 16 16 1 1 1 1 24 17 17 17 17 17 21 21 16 16 16 16 1 1 1 1 24 639 25 17 17 21 543 799 887 279 799 286 1 1 1 1 28 639 25 17 17 29 23 799 799 287 799 22 1 1 387 30 Star Wars
1 1 24 16 16 20 21 29 29 25 17 541 991 125 1 1 1 1 24 16 16 29 413 511 503 53 21 541 959 117 1 1 1 1 24 16 17 25 159 413 247 63 21 17 991 53 1 1 1 1 28 16 17 25 29 511 223 287 799 28 16 16 1 1 1 1 24 17 17 25 25 25 29 31 20 16 16 16 1 1 1 1 24 16 17 17 17 17 17 16 16 17 16 16 1 1 1 1 24 17 17 17 17 17 17 23 16 16 16 16 1 1 1 1 25 895 25 17 21 29 543 319 343 791 319 286 1 1 1 1 28 639 25 17 17 29 23 799 791 279 287 22 1 1 388 30 Star Wars
1 1 24 16 16 20 21 29 29 25 17 541 991 117 1 1 1 1 24 16 16 29 413 503 503 31 29 541 991 53 1 1 1 1 28 16 17 25 255 447 511 29 541 17 991 53 1 1 1 1 28 16 17 25 29 1023 255 799 831 21 16 16 1 1 1 1 24 17 17 25 25 25 25 29 16 17 16 16 1 1 1 1 24 16 17 17 17 17 21 17 16 17 16 16 1 1 1 1 24 17 17 17 17 17 21 21 16 16 16 16 1 1 1 1 25 639 25 17 21 29 151 279 831 799 799 286 1 1 1 1 28 639 25 17 25 61 23 799 791 311 863 22 1 1 389 30 Star Wars
1 1 24 16 16 20 21 29 29 25 17 541 991 125 1 1 1 1 24 16 16 21 413 511 503 21 21 541 927 117 1 1 1 1 28 16 17 25 991 415 255 541 799 17 991 61 1 1 1 1 28 16 17 25 29 1023 255 543 799 17 16 16 1 1 1 1 24 17 17 25 25 29 29 16 16 17 16 16 1 1 1 1 24 16 17 25 17 17 21 16 16 16 16 16 1 1 1 1 24 17 17 17 17 17 21 53 16 16 16 16 1 1 1 1 25 639 17 17 21 29 159 279 415 279 287 286 1 1 1 1 25 639 25 17 25 57 31 799 279 343 319 22 1 1 390 30 Star Wars
1 1 24 16 16 20 17 29 29 25 21 541 1023 125 1 1 1 1 24 16 16 29 157 503 503 20 21 541 927 117 1 1 1 1 24 16 17 25 159 447 223 29 799 17 991 125 1 1 1 1 28 16 17 25 25 1023 511 31 319 17 16 16 1 1 1 1 24 16 17 25 25 25 25 16 16 17 16 16 1 1 1 1 24 16 17 17 17 17 21 16 16 16 16 16 1 1 1 1 24 16 17 17 1 17 17 21 16 16 16 16 1 1 1 1 25 639 17 21 21 29 287 263 311 279 286 318 1 1 1 1 25 127 25 17 25 25 543 799 791 311 287 22 1 1 391 30 Star Wars
1 1 24 16 16 20 21 29 17 25 21 541 1023 117 1 1 1 1 24 16 16 17 159 255 255 21 29 541 959 119 1 1 1 1 24 16 21 25 415 511 255 277 277 17 863 117 1 1 1 1 24 16 17 25 25 511 127 799 317 16 16 16 1 1 1 1 24 17 25 25 25 29 25 16 16 17 16 16 1 1 1 1 24 16 17 17 17 17 17 16 16 17 16 16 1 1 1 1 24 17 17 17 17 21 277 52 16 16 16 16 1 1 1 1 29 767 17 21 25 25 799 311 823 319 286 278 1 1 1 1 25 127 17 17 25 25 287 799 799 791 414 54 1 1 398 30 Star Wars
1 1 24 16 16 20 21 29 21 25 21 541 1023 117 1 1 1 1 24 16 16 21 29 255 255 52 21 541 927 247 1 1 1 1 28 16 21 25 415 255 503 285 21 17 863 117 1 1 1 1 24 16 17 25 25 1023 831 799 287 17 16 16 1 1 1 1 24 17 25 25 25 25 25 16 16 17 16 16 1 1 1 1 24 16 17 17 17 21 16 16 16 16 48 16 1 1 1 1 24 16 17 17 1 17 21 52 16 16 16 16 1 1 1 1 29 639 17 17 25 57 287 311 287 799 22 278 1 1 1 1 25 639 25 17 25 57 287 791 279 287 798 86 1 1 401 30 Star Wars
1 1 24 16 16 21 21 29 29 25 21 541 991 117 1 1 1 1 24 16 16 21 157 255 255 20 29 541 959 247 1 1 1 1 28 16 17 25 479 253 511 287 21 17 863 117 1 1 1 1 24 16 17 25 29 255 319 799 799 17 16 16 1 1 1 1 24 17 25 25 25 25 25 16 16 53 16 16 1 1 1 1 24 16 17 17 17 21 16 16 16 16 48 16 1 1 1 1 24 17 17 17 1 21 21 20 16 16 17 16 1 1 1 1 29 639 17 17 25 25 287 311 279 287 23 278 1 1 1 1 25 639 25 17 25 61 287 799 279 319 286 86 1 1 402 30 Star Wars
1 1 24 16 16 21 21 29 21 25 21 541 991 117 1 1 1 1 24 16 16 29 191 255 255 20 29 541 991 247 1 1 1 1 24 16 17 29 415 245 127 285 21 17 991 53 1 1 1 1 24 16 25 25 29 255 927 799 799 17 16 16 1 1 1 1 24 17 17 25 25 29 25 16 16 53 16 16 1 1 1 1 24 16 17 17 17 21 16 17 17 16 16 16 1 1 1 1 24 17 17 17 17 21 21 52 16 16 17 17 1 1 1 1 29 639 17 17 49 49 287 311 311 287 23 278 1 1 1 1 25 639 17 17 25 57 791 287 279 319 287 86 1 1 404 30 Star Wars
1 1 24 16 16 21 21 29 25 25 21 541 991 117 1 1 1 1 24 16 16 29 255 247 119 20 29 541 959 247 1 1 1 1 28 16 17 29 415 245 127 21 21 17 991 125 1 1 1 1 24 16 25 25 29 255 285 799 29 17 16 16 1 1 1 1 24 17 25 25 25 25 29 20 16 53 16 16 1 1 1 1 24 16 17 17 17 21 16 16 16 16 16 16 1 1 1 1 24 17 17 17 17 21 16 16 16 16 17 17 1 1 1 1 29 639 17 17 57 17 287 311 311 287 63 278 1 1 1 1 25 639 17 17 25 61 279 799 791 287 287 86 1 1 405 30 Star Wars
1 1 24 16 16 21 21 29 17 25 21 541 1023 117 1 1 1 1 24 16 16 29 255 247 53 52 21 541 959 247 1 1 1 1 24 16 17 29 479 245 23 23 21 17 991 113 1 1 1 1 24 16 25 29 29 255 959 927 797 17 16 16 1 1 1 1 24 17 17 25 25 25 29 21 16 53 16 16 1 1 1 1 24 16 17 17 17 21 16 16 16 16 16 16 1 1 1 1 24 17 17 17 17 21 16 16 16 17 17 17 1 1 1 1 29 639 17 17 61 17 287 319 311 311 799 278 1 1 1 1 29 639 17 17 25 61 351 287 279 287 287 86 1 1 406 30 Star Wars
1 1 24 16 16 21 21 21 25 25 21 541 1023 117 1 1 1 1 24 16 16 29 255 247 119 52 23 541 959 247 1 1 1 1 24 16 17 29 511 247 55 31 17 17 991 49 1 1 1 1 24 16 25 29 29 255 959 927 799 17 16 16 1 1 1 1 24 17 17 25 25 25 31 21 17 21 16 16 1 1 1 1 24 17 17 17 25 21 16 16 16 16 48 16 1 1 1 1 24 17 17 17 17 21 16 16 16 17 17 16 1 1 1 1 31 639 17 21 53 17 799 279 287 311 799 22 1 1 1 1 29 639 17 17 17 53 927 287 799 319 927 54 1 1 407 30 Star Wars
1 1 24 16 16 21 21 29 21 25 21 541 1023 117 1 1 1 1 24 16 16 29 255 247 119 20 21 541 959 247 1 1 1 1 28 16 17 29 511 247 53 21 17 17 1023 49 1 1 1 1 24 16 25 29 29 255 831 799 543 16 16 16 1 1 1 1 24 17 17 25 25 25 543 29 16 53 16 16 1 1 1 1 24 17 17 17 25 21 16 16 16 16 16 16 1 1 1 1 24 17 17 17 17 21 16 16 16 16 16 16 1 1 1 1 29 639 17 21 29 49 319 279 799 311 319 286 1 1 1 1 29 607 17 17 17 49 287 287 927 831 831 286 1 1 408 30 Star Wars
1 1 24 16 16 21 21 21 21 25 21 541 1023 117 1 1 1 1 24 16 16 29 255 247 119 28 21 541 1023 247 1 1 1 1 28 16 17 29 511 247 319 31 17 17 1023 113 1 1 1 1 24 16 25 29 29 767 831 799 575 16 16 16 1 1 1 1 24 17 17 25 25 29 799 29 17 53 16 16 1 1 1 1 24 17 17 17 25 21 16 16 16 17 16 16 1 1 1 1 24 17 17 17 17 21 16 16 16 16 16 16 1 1 1 1 31 639 17 21 61 49 319 279 279 311 55 286 1 1 1 1 29 639 17 17 17 21 351 287 799 311 415 30 1 1 409 30 Star Wars
1 1 24 16 16 21 21 21 21 25 21 541 1023 117 1 1 1 1 24 16 16 29 255 503 117 60 21 541 1023 503 1 1 1 1 28 16 17 31 511 247 831 31 17 17 1023 113 1 1 1 1 24 16 25 29 29 1023 823 927 543 16 16 16 1 1 1 1 24 17 25 25 25 29 799 543 17 17 16 16 1 1 1 1 24 17 17 17 25 21 17 16 16 17 16 16 1 1 1 1 24 17 17 17 17 21 16 16 16 16 16 16 1 1 1 1 31 639 17 21 61 49 287 279 279 959 54 286 1 1 1 1 29 639 17 17 17 49 383 287 799 919 287 286 1 1 410 30 Star Wars
1 1 24 16 16 21 21 29 21 25 21 541 1023 117 1 1 1 1 24 16 16 29 255 247 119 60 21 541 1023 503 1 1 1 1 28 16 17 29 1023 503 319 23 17 17 1023 113 1 1 1 1 24 16 25 29 29 1023 279 799 543 16 16 16 1 1 1 1 24 17 25 25 25 25 799 29 21 17 16 16 1 1 1 1 24 17 17 17 25 21 16 16 16 17 16 16 1 1 1 1 24 17 17 17 17 21 16 16 16 16 16 16 1 1 1 1 31 639 17 21 61 17 287 279 831 63 62 286 1 1 1 1 29 607 17 17 17 17 287 287 799 799 286 286 1 1 411 30 Star Wars
1 1 24 16 16 21 21 21 21 25 21 541 1023 117 1 1 1 1 24 16 16 21 255 247 255 62 21 541 959 247 1 1 1 1 28 16 17 29 1023 503 383 53 17 17 1023 113 1 1 1 1 28 16 25 25 29 959 373 799 541 16 16 16 1 1 1 1 24 17 25 25 25 29 799 29 31 17 16 16 1 1 1 1 24 17 17 17 25 21 16 16 16 17 16 16 1 1 1 1 24 17 17 17 17 21 16 16 16 16 16 16 1 1 1 1 29 639 17 17 29 17 287 311 62 23 54 286 1 1 1 1 25 639 17 17 17 17 287 287 287 287 286 278 1 1 412 30 Star Wars
1 1 24 16 16 21 21 21 29 25 21 541 1023 117 1 1 1 1 24 16 16 29 255 247 255 126 21 541 1023 247 1 1 1 1 28 16 25 29 927 503 383 119 17 17 1023 49 1 1 1 1 28 16 25 25 29 1023 373 799 287 16 16 16 1 1 1 1 24 17 25 25 25 31 287 543 285 17 16 16 1 1 1 1 24 17 17 17 25 21 16 16 16 17 16 16 1 1 1 1 24 17 17 17 17 21 17 16 16 16 16 16 1 1 1 1 29 639 17 17 61 17 287 831 55 23 318 286 1 1 1 1 25 543 17 17 17 17 799 799 311 543 286 278 1 1 413 30 Star Wars
1 1 24 16 16 21 21 29 29 29 21 541 1023 117 1 1 1 1 24 16 16 29 191 247 255 126 21 541 1023 247 1 1 1 1 28 16 25 31 991 1023 383 119 17 17 1023 49 1 1 1 1 28 16 25 25 29 991 831 895 285 16 16 16 1 1 1 1 24 17 17 25 25 31 799 831 831 17 16 16 1 1 1 1 24 17 17 17 25 21 16 16 17 17 16 16 1 1 1 1 24 17 17 17 1 21 17 16 16 16 16 16 1 1 1 1 29 639 17 17 61 17 311 319 63 63 286 286 1 1 1 1 25 543 17 17 17 25 287 799 55 415 286 278 1 1 414 30 Star Wars
1 1 24 16 16 21 21 29 29 29 21 541 1023 117 1 1 1 1 24 16 17 29 159 254 247 126 21 573 1023 247 1 1 1 1 28 16 25 29 959 511 375 117 17 17 511 49 1 1 1 1 28 16 25 29 29 767 823 863 797 16 16 16 1 1 1 1 24 17 25 25 25 31 799 799 543 17 16 16 1 1 1 1 24 16 17 25 25 21 17 16 17 17 16 16 1 1 1 1 24 17 17 17 17 21 17 16 16 16 16 16 1 1 1 1 29 639 17 17 61 17 287 863 62 63 286 286 1 1 1 1 25 543 17 17 17 25 279 799 63 543 286 278 1 1 415 30 Star Wars
1 1 24 16 16 21 21 29 29 29 21 541 1023 117 1 1 1 1 24 16 17 29 159 246 245 127 21 573 1023 247 1 1 1 1 28 16 25 31 447 247 127 55 17 17 511 49 1 1 1 1 28 16 25 25 29 1023 279 799 285 16 16 16 1 1 1 1 24 17 25 25 25 31 797 799 543 17 16 16 1 1 1 1 24 16 17 25 25 21 16 16 16 17 16 16 1 1 1 1 24 16 17 17 17 21 17 16 16 16 16 16 1 1 1 1 29 639 25 17 61 17 279 831 54 791 286 286 1 1 1 1 29 543 17 17 17 17 279 799 575 799 286 278 1 1 416 30 Star Wars
1 1 24 16 16 21 21 29 29 29 21 541 1023 117 1 1 1 1 24 16 17 29 159 247 247 60 21 541 1023 247 1 1 1 1 28 16 25 31 415 503 119 55 17 17 511 49 1 1 1 1 28 16 25 25 29 1023 797 799 797 16 16 16 1 1 1 1 24 17 25 25 25 29 789 287 29 17 16 16 1 1 1 1 24 16 17 25 25 21 16 16 16 17 16 16 1 1 1 1 24 17 17 17 17 21 16 16 16 16 16 16 1 1 1 1 29 639 25 17 29 21 279 279 62 319 414 286 1 1 1 1 25 543 17 17 17 25 287 287 799 831 286 278 1 1 418 30 Star Wars
1 1 24 16 16 21 21 29 29 25 21 541 1023 53 1 1 1 1 24 16 17 29 159 247 247 60 21 541 991 247 1 1 1 1 28 16 25 31 447 503 119 23 17 17 1023 53 1 1 1 1 28 16 25 25 29 767 277 799 799 16 16 16 1 1 1 1 24 17 25 25 25 29 285 287 533 17 16 16 1 1 1 1 24 16 17 25 25 21 16 16 16 17 16 16 1 1 1 1 24 17 17 17 17 21 16 16 16 16 16 16 1 1 1 1 29 639 25 17 29 17 279 279 831 543 30 286 1 1 1 1 541 543 17 17 17 25 287 287 319 863 415 30 1 1 419 30 Star Wars
1 1 24 16 16 21 21 29 29 29 21 541 1023 53 1 1 1 1 24 16 17 29 159 255 511 61 21 541 927 247 1 1 1 1 28 16 25 31 191 511 247 23 17 17 1023 49 1 1 1 1 28 16 25 25 29 735 285 799 799 16 16 16 1 1 1 1 28 17 25 25 25 29 797 31 29 17 16 16 1 1 1 1 24 16 17 25 25 21 16 16 16 17 16 16 1 1 1 1 24 16 17 17 1 21 16 16 16 16 16 16 1 1 1 1 25 639 17 17 25 25 279 407 319 631 31 286 1 1 1 1 537 543 17 17 17 25 287 287 799 927 287 22 1 1 420 30 Star Wars
1 1 24 16 16 21 21 29 29 29 21 541 1023 53 1 1 1 1 24 16 17 29 415 247 767 53 21 541 1023 501 1 1 1 1 28 16 25 31 159 223 255 29 17 17 895 49 1 1 1 1 28 16 25 25 29 191 21 799 799 16 16 16 1 1 1 1 28 17 25 25 25 29 285 287 16 21 16 16 1 1 1 1 24 16 17 25 25 17 16 16 16 16 16 16 1 1 1 1 24 16 17 17 17 17 16 16 16 16 16 16 1 1 1 1 29 639 25 17 29 21 831 279 279 799 799 278 1 1 1 1 29 639 17 17 25 25 799 279 799 927 959 30 1 1 422 30 Star Wars
1 1 24 16 16 21 21 29 21 29 21 541 1023 61 1 1 1 1 24 16 17 29 415 503 503 125 21 541 1023 245 1 1 1 1 28 16 25 31 191 221 247 29 17 17 991 113 1 1 1 1 28 16 25 25 29 157 61 799 799 17 16 16 1 1 1 1 28 17 25 25 25 29 29 789 20 17 16 16 1 1 1 1 24 16 17 25 25 21 16 16 16 16 16 16 1 1 1 1 24 16 17 17 1 17 16 16 16 16 16 16 1 1 1 1 29 639 17 17 29 17 63 799 279 799 287 278 1 1 1 1 29 575 17 17 25 29 343 287 799 863 799 22 1 1 423 30 Star Wars
1 1 24 16 16 20 21 29 21 29 21 541 1023 117 1 1 1 1 24 16 25 29 447 503 247 245 21 541 1023 245 1 1 1 1 28 16 25 31 183 503 247 245 17 17 991 53 1 1 1 1 28 16 25 25 29 511 23 287 799 29 16 16 1 1 1 1 28 17 25 25 25 29 31 799 23 17 16 16 1 1 1 1 24 16 17 17 25 17 17 16 16 16 16 16 1 1 1 1 24 16 17 17 1 17 16 16 16 16 16 16 1 1 1 1 25 639 17 21 17 21 23 287 279 791 63 310 1 1 1 1 29 575 17 17 25 25 31 799 799 855 287 22 1 1 426 30 Star Wars
1 1 24 16 16 16 25 25 25 29 28 541 1023 53 1 1 1 1 24 16 16 25 25 25 29 29 16 29 959 503 1 1 1 1 24 16 16 29 29 63 245 255 52 53 1023 61 1 1 1 1 24 16 16 16 21 95 60 245 245 247 53 53 1 1 1 1 24 16 25 25 25 25 21 252 247 53 17 49 1 1 1 1 24 25 25 25 24 25 25 17 16 16 17 16 1 1 1 1 25 25 895 895 25 25 17 17 16 16 16 16 1 1 1 1 25 25 831 797 17 17 118 54 382 62 118 570 1 1 1 1 25 25 17 17 17 17 54 50 62 830 374 310 1 1 701 30 Star Wars
1 1 24 16 16 17 25 17 17 21 245 765 1023 52 1 1 1 1 24 16 16 29 247 149 197 132 246 253 1023 247 1 1 1 1 24 16 16 21 29 183 215 247 117 49 383 53 1 1 1 1 24 16 16 16 16 60 21 53 53 17 49 49 1 1 1 1 24 16 25 25 25 24 17 16 16 17 17 49 1 1 1 1 24 25 29 541 25 25 16 16 16 16 17 16 1 1 1 1 24 25 573 637 17 16 16 16 16 16 16 16 1 1 1 1 25 25 541 25 16 16 54 126 382 62 318 62 1 1 1 1 29 17 17 16 16 16 62 50 118 894 894 54 1 1 703 30 Star Wars
1 1 24 16 52 245 133 213 244 196 245 765 1023 116 1 1 1 1 24 16 16 21 245 133 246 246 244 573 1023 247 1 1 1 1 24 16 16 21 20 148 116 245 117 17 511 53 1 1 1 1 24 16 16 16 16 16 17 16 17 17 49 49 1 1 1 1 24 16 24 25 17 16 17 16 16 17 17 49 1 1 1 1 24 25 541 541 17 17 16 16 16 16 17 16 1 1 1 1 25 25 61 53 17 16 16 16 16 16 16 16 1 1 1 1 25 25 17 17 16 16 54 382 382 62 318 58 1 1 1 1 29 17 16 16 16 16 62 50 118 894 894 54 1 1 704 30 Star Wars
1 1 24 16 247 255 159 247 180 148 245 541 1023 116 1 1 1 1 24 16 17 17 253 190 244 245 16 541 1023 247 1 1 1 1 24 16 17 16 24 25 17 17 16 17 511 53 1 1 1 1 24 16 17 24 24 25 16 16 16 49 49 49 1 1 1 1 24 17 25 24 16 16 17 16 16 17 17 49 1 1 1 1 24 25 17 17 17 17 16 16 16 16 17 16 1 1 1 1 29 29 17 17 17 16 16 16 16 16 16 16 1 1 1 1 25 17 17 17 16 16 54 318 318 54 62 58 1 1 1 1 25 17 16 16 16 16 62 50 382 894 382 54 1 1 705 30 Star Wars
1 1 24 16 16 20 16 16 16 16 16 541 1023 48 1 1 1 1 24 20 20 17 20 16 16 16 16 541 1023 119 1 1 1 1 29 21 16 16 21 17 16 16 16 17 1023 17 1 1 1 1 29 21 16 21 21 17 17 16 16 16 16 16 1 1 1 1 28 20 16 16 49 49 17 16 16 16 16 16 1 1 1 1 28 16 16 17 49 117 49 16 16 16 16 16 1 1 1 1 16 16 16 49 53 113 117 16 16 16 16 16 1 1 1 1 16 16 16 113 53 113 119 62 127 119 54 311 1 1 1 1 24 16 16 113 49 113 119 54 62 119 55 54 1 1 904 30 Star Wars
1 1 24 20 16 16 16 16 16 16 16 541 1023 48 1 1 1 1 28 20 16 16 16 16 16 16 16 541 1023 116 1 1 1 1 28 20 16 16 20 16 16 16 16 17 927 17 1 1 1 1 28 20 16 16 17 17 17 16 16 16 16 16 1 1 1 1 28 16 16 16 49 49 17 16 16 16 16 16 1 1 1 1 28 16 16 17 17 113 112 16 16 16 16 16 1 1 1 1 24 16 16 17 53 113 113 16 16 16 16 52 1 1 1 1 16 16 16 81 53 117 119 54 62 54 54 55 1 1 1 1 24 16 16 81 49 49 119 54 54 119 54 54 1 1 905 30 Star Wars
1 1 28 16 16 16 16 16 16 16 16 541 1023 48 1 1 1 1 28 16 16 16 16 16 16 16 16 541 1023 117 1 1 1 1 28 16 16 20 16 17 16 16 16 17 1023 16 1 1 1 1 28 16 16 16 17 17 17 16 16 16 16 16 1 1 1 1 20 16 16 16 49 49 17 16 16 16 16 16 1 1 1 1 28 16 16 16 16 113 113 16 16 16 16 16 1 1 1 1 24 16 16 53 52 113 117 16 16 16 48 48 1 1 1 1 16 16 16 113 49 113 127 22 118 54 54 310 1 1 1 1 24 16 16 81 53 49 119 54 118 119 54 54 1 1 906 30 Star Wars
1 1 28 16 20 16 16 16 16 16 16 541 1023 48 1 1 1 1 28 16 16 16 16 16 16 16 16 829 1023 117 1 1 1 1 21 16 21 21 17 17 17 16 16 17 991 16 1 1 1 1 28 16 21 17 17 17 17 16 16 16 16 16 1 1 1 1 20 16 16 17 49 49 17 16 16 16 16 16 1 1 1 1 24 16 16 17 16 117 113 16 16 16 16 16 1 1 1 1 16 16 16 53 48 113 113 16 16 16 48 52 1 1 1 1 16 16 16 117 49 113 119 63 118 54 54 54 1 1 1 1 16 16 16 81 113 49 631 55 55 119 55 55 1 1 907 30 Star Wars
1 1 28 16 16 16 16 16 16 16 16 573 1023 16 1 1 1 1 28 16 16 16 16 16 16 16 16 317 1023 117 1 1 1 1 28 16 20 16 16 17 17 16 16 17 1023 16 1 1 1 1 28 16 16 16 16 17 17 16 16 16 16 16 1 1 1 1 24 16 16 17 49 49 17 16 16 16 16 16 1 1 1 1 24 16 16 17 16 117 113 16 16 16 16 16 1 1 1 1 16 16 16 53 49 113 113 16 16 16 48 52 1 1 1 1 16 16 16 49 49 113 127 63 118 54 54 54 1 1 1 1 16 16 16 17 53 49 119 55 55 119 310 566 1 1 908 30 Star Wars
1 1 28 16 16 16 16 16 16 16 16 829 1023 16 1 1 1 1 28 16 16 16 16 16 16 16 16 829 1023 117 1 1 1 1 24 16 16 16 16 17 17 16 16 17 1023 16 1 1 1 1 24 16 16 16 49 17 17 16 16 16 16 16 1 1 1 1 24 16 16 16 49 49 16 16 16 16 16 16 1 1 1 1 24 16 16 17 48 117 113 16 16 16 48 16 1 1 1 1 16 16 16 53 53 97 113 16 16 48 52 52 1 1 1 1 16 16 16 53 49 113 119 62 54 54 54 54 1 1 1 1 16 16 16 49 53 49 119 55 55 55 54 54 1 1 909 30 Star Wars
1 1 24 16 16 16 16 16 16 16 16 573 1023 16 1 1 1 1 24 16 16 16 16 16 16 16 17 829 1023 119 1 1 1 1 24 20 16 16 16 17 17 16 16 17 1023 16 1 1 1 1 24 16 16 16 49 17 17 16 16 16 16 16 1 1 1 1 24 16 16 17 49 49 16 16 16 16 16 16 1 1 1 1 24 16 16 17 113 117 113 16 16 48 48 48 1 1 1 1 16 16 16 53 113 69 113 16 16 52 52 52 1 1 1 1 16 16 16 49 113 113 119 118 118 54 54 54 1 1 1 1 16 16 16 49 53 113 119 55 54 119 62 55 1 1 910 30 Star Wars
1 1 29 20 16 16 16 16 16 16 16 573 1023 16 1 1 1 1 28 16 16 16 16 16 16 16 17 829 1023 119 1 1 1 1 25 21 17 16 17 17 17 16 16 17 895 16 1 1 1 1 24 16 16 16 49 17 17 16 16 16 16 16 1 1 1 1 24 16 17 17 49 49 16 16 16 16 16 16 1 1 1 1 24 16 16 49 113 117 113 16 16 48 48 16 1 1 1 1 16 16 16 117 113 69 113 16 16 52 52 16 1 1 1 1 16 16 16 117 49 113 119 54 54 54 54 55 1 1 1 1 16 16 16 117 53 113 127 63 63 55 55 63 1 1 911 30 Star Wars
1 1 28 20 16 16 16 16 16 16 16 573 991 16 1 1 1 1 28 16 16 16 16 16 16 16 17 829 1023 119 1 1 1 1 24 20 16 16 17 17 17 16 16 17 991 16 1 1 1 1 24 16 16 16 49 17 17 16 16 16 16 16 1 1 1 1 16 16 16 49 53 49 16 16 16 16 16 16 1 1 1 1 24 16 16 17 113 117 113 16 16 48 52 16 1 1 1 1 16 16 16 117 113 69 117 16 16 52 20 16 1 1 1 1 16 16 16 113 113 113 119 54 54 54 54 119 1 1 1 1 16 16 16 117 53 113 127 63 119 311 55 55 1 1 912 30 Star Wars
1 1 28 16 16 16 16 16 16 16 16 541 1023 16 1 1 1 1 28 16 16 16 16 16 16 16 17 573 1023 119 1 1 1 1 29 16 16 16 17 17 17 16 16 17 927 16 1 1 1 1 24 16 16 16 49 17 17 16 16 16 16 16 1 1 1 1 16 16 16 17 53 53 16 16 16 16 16 16 1 1 1 1 24 16 16 17 113 117 113 16 48 52 48 16 1 1 1 1 16 16 16 53 113 65 117 16 20 20 20 16 1 1 1 1 16 16 16 113 113 113 119 54 54 54 54 95 1 1 1 1 24 16 17 53 53 113 127 62 127 183 55 119 1 1 913 30 Star Wars
1 1 28 16 16 16 16 16 16 16 16 541 1023 16 1 1 1 1 28 16 16 16 16 16 16 17 17 573 1023 119 1 1 1 1 29 17 16 16 17 17 17 16 16 17 1023 16 1 1 1 1 29 16 16 16 49 17 17 16 16 16 16 16 1 1 1 1 16 17 16 17 49 49 16 16 16 16 16 16 1 1 1 1 24 16 16 17 49 117 117 48 48 52 48 17 1 1 1 1 24 16 16 117 113 69 117 17 52 20 17 25 1 1 1 1 16 16 16 113 49 113 119 54 54 55 55 95 1 1 1 1 24 16 17 117 117 113 127 63 63 55 63 991 1 1 914 30 Star Wars
1 1 28 16 16 16 16 16 16 16 16 541 1023 16 1 1 1 1 28 16 16 16 16 16 16 16 16 541 1023 119 1 1 1 1 29 20 16 16 16 17 17 16 16 17 1023 16 1 1 1 1 28 16 16 16 57 17 17 16 16 16 16 16 1 1 1 1 16 16 16 17 117 53 16 16 16 16 16 16 1 1 1 1 16 16 16 49 49 113 117 16 48 52 16 24 1 1 1 1 16 16 16 117 49 101 117 20 20 52 17 25 1 1 1 1 16 16 16 113 49 113 119 54 22 55 31 63 1 1 1 1 24 16 17 113 53 113 127 31 63 311 55 607 1 1 915 30 Star Wars
1 1 28 16 16 16 16 16 16 16 16 541 1023 16 1 1 1 1 28 16 16 16 16 16 16 17 16 541 1023 119 1 1 1 1 29 16 16 16 17 17 17 16 16 17 991 16 1 1 1 1 28 16 16 16 57 17 17 16 16 16 16 17 1 1 1 1 28 16 16 17 117 49 16 16 16 16 16 17 1 1 1 1 16 16 16 17 49 113 117 16 52 20 16 25 1 1 1 1 16 16 16 117 49 97 117 20 20 20 17 24 1 1 1 1 16 16 16 117 53 117 127 54 54 55 55 127 1 1 1 1 24 16 16 81 53 113 127 31 63 183 63 767 1 1 916 30 Star Wars
1 1 28 16 16 16 16 16 16 16 16 541 1023 16 1 1 1 1 28 16 16 16 16 16 17 17 16 541 1023 119 1 1 1 1 29 16 16 16 17 17 17 16 16 17 863 16 1 1 1 1 28 16 16 16 57 49 17 16 16 16 17 17 1 1 1 1 28 16 16 17 49 117 16 16 16 16 16 17 1 1 1 1 16 16 16 21 49 117 117 16 20 16 24 24 1 1 1 1 16 16 16 117 49 113 117 20 20 16 25 25 1 1 1 1 16 16 16 117 17 113 119 62 118 55 31 607 1 1 1 1 24 16 16 113 117 113 127 31 55 439 31 767 1 1 917 30 Star Wars
1 1 24 16 17 49 16 16 16 16 16 573 991 20 1 1 1 1 24 16 17 17 16 17 17 16 16 61 1023 503 1 1 1 1 24 16 16 16 16 17 25 61 17 21 1023 244 1 1 1 1 24 17 16 16 17 117 121 25 24 16 247 247 1 1 1 1 24 21 17 16 21 117 125 25 25 17 180 247 1 1 1 1 25 21 20 21 53 113 85 25 25 16 16 16 1 1 1 1 25 29 29 29 117 113 97 25 17 24 20 21 1 1 1 1 25 25 25 25 121 113 71 127 191 126 631 799 1 1 1 1 29 29 927 991 85 65 71 127 31 119 103 271 1 1 936 30 Star Wars
1 1 24 16 17 49 16 16 16 16 16 573 991 20 1 1 1 1 24 16 17 17 16 17 17 16 16 61 991 247 1 1 1 1 24 16 16 16 16 17 61 61 16 21 511 244 1 1 1 1 24 16 17 16 17 117 121 29 24 16 247 231 1 1 1 1 24 21 20 20 53 117 125 25 25 17 245 247 1 1 1 1 24 21 21 21 117 113 81 25 17 16 16 16 1 1 1 1 24 29 29 29 117 113 65 25 17 24 20 21 1 1 1 1 25 25 29 29 121 113 103 127 127 126 127 319 1 1 1 1 29 31 799 799 85 65 71 127 31 119 119 271 1 1 937 30 Star Wars
1 1 24 16 17 49 16 16 16 16 16 541 1023 20 1 1 1 1 24 16 17 17 16 17 17 16 16 61 1023 503 1 1 1 1 24 16 16 17 17 17 63 61 16 21 1023 231 1 1 1 1 25 17 17 16 17 117 125 25 16 20 247 255 1 1 1 1 25 21 20 20 53 117 125 25 17 21 245 247 1 1 1 1 25 21 21 53 117 113 117 25 17 16 16 16 1 1 1 1 25 29 29 29 117 113 113 25 17 24 21 21 1 1 1 1 25 29 31 541 121 113 103 127 31 127 895 959 1 1 1 1 29 543 927 927 69 65 71 127 31 119 119 399 1 1 938 30 Star Wars
1 1 24 16 17 17 16 16 16 16 16 541 991 20 1 1 1 1 24 16 17 17 16 17 17 16 16 29 1023 503 1 1 1 1 24 16 16 16 17 17 63 31 17 21 1023 245 1 1 1 1 25 16 17 16 49 117 61 25 17 21 255 511 1 1 1 1 25 21 20 21 53 117 125 25 17 181 247 247 1 1 1 1 25 21 21 55 117 113 81 25 17 16 16 16 1 1 1 1 25 29 29 63 117 117 113 25 25 28 21 21 1 1 1 1 25 29 575 575 113 113 71 127 63 127 895 1023 1 1 1 1 29 831 927 927 69 65 71 127 63 119 127 399 1 1 939 30 Star Wars
1 1 24 16 16 16 16 16 16 16 16 541 1023 20 1 1 1 1 24 16 17 17 16 17 17 16 16 61 1023 439 1 1 1 1 24 16 16 16 17 17 61 29 16 53 991 245 1 1 1 1 25 16 16 16 49 117 29 25 16 149 215 247 1 1 1 1 25 21 20 53 53 117 125 25 17 181 247 245 1 1 1 1 25 21 20 53 117 113 81 25 17 16 16 16 1 1 1 1 25 29 29 61 117 117 89 25 25 28 21 21 1 1 1 1 29 29 541 541 97 113 87 31 127 126 383 319 1 1 1 1 29 29 21 117 69 65 71 127 63 118 895 431 1 1 940 30 Star Wars
1 1 24 16 16 16 16 16 16 16 16 541 1023 20 1 1 1 1 24 16 17 17 16 17 16 16 16 29 1023 503 1 1 1 1 24 16 16 16 17 17 63 29 16 213 1023 245 1 1 1 1 25 16 16 16 49 125 29 25 16 149 199 247 1 1 1 1 25 21 20 21 49 117 125 25 17 247 503 253 1 1 1 1 25 21 20 117 117 113 89 25 17 16 16 16 1 1 1 1 29 29 29 61 117 117 89 25 25 28 21 21 1 1 1 1 28 29 29 31 97 113 127 31 127 118 383 319 1 1 1 1 28 287 799 381 97 65 71 95 63 119 1023 959 1 1 941 30 Star Wars
1 1 24 16 57 17 16 16 16 16 16 541 1023 21 1 1 1 1 24 16 17 17 17 17 16 16 17 29 1023 503 1 1 1 1 24 16 16 17 17 17 63 31 17 247 991 246 1 1 1 1 25 17 16 17 49 125 29 29 17 255 255 511 1 1 1 1 25 21 20 55 21 125 125 25 17 501 503 253 1 1 1 1 25 21 21 117 117 113 89 25 17 16 16 17 1 1 1 1 29 29 29 125 117 113 89 25 25 29 21 21 1 1 1 1 29 543 799 543 97 113 95 31 127 119 319 319 1 1 1 1 28 799 927 1023 65 65 71 31 63 119 895 959 1 1 942 30 Star Wars
1 1 24 16 17 16 16 16 16 16 16 541 1023 20 1 1 1 1 24 16 17 17 17 17 16 16 16 61 1023 503 1 1 1 1 24 16 16 16 17 17 63 29 16 245 1023 244 1 1 1 1 25 17 16 17 49 125 29 29 16 191 183 501 1 1 1 1 25 21 20 53 49 125 57 25 17 501 247 125 1 1 1 1 25 21 21 117 117 113 89 25 17 16 16 16 1 1 1 1 29 29 29 125 117 113 89 25 25 29 21 21 1 1 1 1 29 541 799 1021 65 113 127 31 127 118 319 319 1 1 1 1 20 157 29 117 65 65 119 31 127 119 383 831 1 1 943 30 Star Wars
1 1 24 16 16 16 16 16 16 16 16 541 1023 20 1 1 1 1 24 16 17 17 17 17 16 16 16 29 1023 503 1 1 1 1 24 16 16 16 17 17 61 29 16 149 1023 244 1 1 1 1 25 16 16 16 49 121 29 29 16 215 245 503 1 1 1 1 25 21 20 53 113 125 25 25 17 437 247 117 1 1 1 1 25 21 21 117 117 113 89 25 17 16 16 16 1 1 1 1 29 29 29 125 117 113 89 25 25 29 21 21 1 1 1 1 29 541 541 93 65 113 127 31 127 119 959 63 1 1 1 1 28 29 21 117 65 65 119 31 63 119 895 991 1 1 944 30 Star Wars
1 1 24 16 16 17 16 16 16 16 16 541 1023 21 1 1 1 1 24 16 17 17 17 17 16 16 16 157 991 503 1 1 1 1 24 16 17 16 17 17 63 25 16 183 1023 246 1 1 1 1 25 16 16 17 53 125 29 25 16 247 511 511 1 1 1 1 25 21 20 53 113 125 25 25 17 501 247 127 1 1 1 1 25 21 21 117 117 113 89 25 17 16 16 17 1 1 1 1 29 29 29 125 117 113 89 25 25 29 21 21 1 1 1 1 29 799 799 349 65 81 127 31 127 127 927 703 1 1 1 1 28 799 415 375 65 65 119 31 127 119 511 959 1 1 945 30 Star Wars
1 1 24 17 17 16 16 16 16 16 16 541 1023 21 1 1 1 1 24 16 17 17 17 17 16 16 16 189 1023 503 1 1 1 1 24 16 16 16 17 17 63 17 17 247 1023 247 1 1 1 1 25 17 16 17 113 121 29 25 16 255 511 503 1 1 1 1 25 21 20 53 113 125 25 25 17 437 247 127 1 1 1 1 25 21 21 117 117 121 25 25 17 16 16 48 1 1 1 1 29 29 29 127 117 113 25 25 25 29 21 20 1 1 1 1 29 799 799 383 113 81 127 31 127 119 927 503 1 1 1 1 28 799 287 373 65 65 119 31 127 119 895 895 1 1 946 30 Star Wars
1 1 24 17 17 49 16 16 16 16 20 541 1023 53 1 1 1 1 24 16 49 17 17 17 16 16 16 157 1023 503 1 1 1 1 24 16 16 16 17 17 61 17 16 181 1023 246 1 1 1 1 25 16 17 17 117 121 29 25 16 247 255 487 1 1 1 1 25 21 20 21 117 125 25 25 17 501 247 639 1 1 1 1 25 21 21 117 113 121 25 25 17 16 16 49 1 1 1 1 29 29 29 125 117 113 89 25 25 29 21 20 1 1 1 1 29 540 28 93 97 65 95 31 127 127 799 63 1 1 1 1 28 29 31 53 65 65 119 31 119 119 895 831 1 1 947 30 Star Wars
1 1 24 17 17 25 16 16 16 16 20 543 1023 55 1 1 1 1 24 16 17 17 17 17 16 16 17 669 1023 503 1 1 1 1 24 16 17 16 49 17 63 25 17 215 1023 247 1 1 1 1 25 17 17 17 117 121 29 25 17 759 511 511 1 1 1 1 25 21 20 53 117 125 25 25 17 437 247 767 1 1 1 1 25 21 21 117 117 89 25 25 17 16 16 49 1 1 1 1 29 29 29 125 53 65 89 25 25 29 21 17 1 1 1 1 29 799 799 863 65 65 127 31 127 127 447 383 1 1 1 1 28 799 927 53 65 65 119 31 127 119 383 511 1 1 948 30 Star Wars
1 1 24 17 25 17 16 16 16 16 20 541 1023 21 1 1 1 1 24 16 17 17 17 17 16 16 17 445 1023 503 1 1 1 1 24 16 17 17 49 17 63 17 17 215 1023 247 1 1 1 1 25 17 17 17 117 121 31 25 17 511 511 479 1 1 1 1 25 21 20 55 117 125 25 25 17 437 247 767 1 1 1 1 25 21 21 117 113 89 25 25 17 16 17 49 1 1 1 1 29 29 29 127 53 65 89 25 25 29 53 17 1 1 1 1 29 799 799 639 65 65 95 31 127 127 415 383 1 1 1 1 28 799 799 383 65 65 119 31 119 119 1023 895 1 1 949 30 Star Wars
1 1 24 17 25 17 16 16 16 16 20 541 1023 21 1 1 1 1 24 16 49 17 17 17 16 16 17 957 1023 503 1 1 1 1 24 16 17 17 49 17 63 17 17 215 1023 247 1 1 1 1 25 17 17 49 117 121 29 25 17 511 511 975 1 1 1 1 25 21 20 52 117 125 25 25 17 437 247 511 1 1 1 1 25 21 21 117 113 89 25 25 17 16 17 49 1 1 1 1 29 29 61 125 113 65 25 25 25 29 61 17 1 1 1 1 29 799 799 125 65 65 95 31 127 127 927 383 1 1 1 1 28 927 799 117 65 65 127 31 127 119 511 383 1 1 950 30 Star Wars
1 1 24 17 25 17 16 16 16 16 20 541 1023 21 1 1 1 1 24 16 17 17 17 17 16 16 17 189 1023 503 1 1 1 1 24 16 17 48 49 17 63 17 17 247 1023 247 1 1 1 1 25 17 17 49 117 57 29 25 17 767 503 975 1 1 1 1 25 21 20 49 117 121 25 25 17 437 247 1023 1 1 1 1 25 21 53 117 117 89 25 25 17 16 17 49 1 1 1 1 29 29 61 117 113 65 25 25 25 61 61 17 1 1 1 1 29 799 799 117 65 65 127 31 127 127 927 887 1 1 1 1 28 927 799 117 65 65 63 31 119 119 511 895 1 1 951 30 Star Wars
1 1 24 17 25 17 16 16 16 16 16 541 1023 21 1 1 1 1 24 16 17 17 17 16 16 16 17 189 1023 511 1 1 1 1 24 16 17 49 49 17 63 17 17 247 1023 247 1 1 1 1 25 17 17 49 117 57 29 25 17 511 503 463 1 1 1 1 25 21 53 113 101 121 25 25 17 437 247 767 1 1 1 1 25 21 117 117 117 89 25 25 17 16 17 49 1 1 1 1 29 29 125 117 81 65 25 25 25 29 61 17 1 1 1 1 29 799 799 65 65 65 95 31 127 127 959 895 1 1 1 1 28 927 831 65 65 65 63 31 127 119 1023 895 1 1 952 30 Star Wars
1 1 24 17 17 25 16 16 16 16 16 541 1023 21 1 1 1 1 24 16 49 17 17 17 16 16 17 189 1023 503 1 1 1 1 24 16 17 49 17 17 63 17 17 247 1023 247 1 1 1 1 25 17 17 49 117 24 29 25 17 1023 503 1007 1 1 1 1 25 21 20 113 101 121 25 25 17 437 247 767 1 1 1 1 25 21 117 117 113 121 25 25 17 16 16 49 1 1 1 1 29 29 125 117 113 121 25 25 25 61 29 21 1 1 1 1 29 799 831 65 65 65 31 31 127 127 959 511 1 1 1 1 28 927 383 65 65 65 31 31 375 119 1023 895 1 1 953 30 Star Wars
1 1 24 17 25 25 16 16 16 16 16 541 1023 23 1 1 1 1 24 16 49 17 17 16 16 16 17 157 1023 503 1 1 1 1 24 16 17 49 17 17 63 17 17 247 1023 246 1 1 1 1 25 17 17 49 113 24 25 25 17 511 511 1023 1 1 1 1 25 21 20 113 117 121 25 25 17 437 247 767 1 1 1 1 25 21 117 117 117 89 25 25 17 16 16 49 1 1 1 1 29 29 61 117 113 25 25 25 25 29 29 21 1 1 1 1 29 799 799 65 65 81 31 31 127 127 447 511 1 1 1 1 28 799 887 65 65 65 31 31 375 119 895 1023 1 1 954 30 Star Wars
1 1 24 17 17 25 16 16 16 16 17 541 1023 23 1 1 1 1 24 16 17 17 17 16 16 16 17 189 991 511 1 1 1 1 24 16 25 49 17 17 63 25 17 247 1023 246 1 1 1 1 25 17 17 113 113 25 25 25 17 511 247 503 1 1 1 1 25 21 20 113 117 57 25 25 17 437 247 255 1 1 1 1 25 21 53 113 117 25 25 25 17 16 16 49 1 1 1 1 29 29 125 117 117 89 25 17 25 29 21 21 1 1 1 1 29 541 125 65 65 81 31 31 127 127 799 247 1 1 1 1 28 799 117 65 65 81 31 31 119 119 1023 895 1 1 957 30 Star Wars
1 1 24 17 17 17 16 16 16 16 16 541 1023 23 1 1 1 1 24 16 17 17 17 16 16 16 17 189 991 503 1 1 1 1 24 16 25 49 17 17 31 25 17 183 1023 246 1 1 1 1 25 17 17 113 113 25 25 25 17 255 247 1015 1 1 1 1 25 21 21 113 117 25 25 25 17 437 247 255 1 1 1 1 25 21 117 117 97 25 25 25 17 16 16 49 1 1 1 1 29 29 125 53 97 25 25 17 25 29 21 21 1 1 1 1 29 29 93 65 65 81 31 31 127 127 287 503 1 1 1 1 28 29 101 65 65 81 31 31 127 119 895 671 1 1 958 30 Star Wars
