1 1 24 16 16 16 16 16 16 20 20 541 1023 52 1 1 1 1 24 16 16 16 16 16 16 21 20 573 1023 503 1 1 1 1 25 17 17 17 17 17 17 21 21 17 479 17 1 1 1 1 24 16 16 16 17 17 21 21 17 16 17 16 1 1 1 1 16 16 16 17 49 53 17 16 16 16 16 16 1 1 1 1 24 16 16 17 17 113 16 16 16 16 16 16 1 1 1 1 24 16 16 17 1 117 49 17 16 16 16 16 1 1 1 1 24 16 17 17 65 101 119 55 54 62 382 62 1 1 1 1 16 16 49 1 65 65 119 55 31 382 318 54 1 1 816 30 Star Wars
1 1 24 16 16 16 16 16 16 20 20 573 1023 20 1 1 1 1 16 16 16 16 16 16 21 21 20 541 1023 503 1 1 1 1 25 17 17 17 17 17 21 21 17 17 959 17 1 1 1 1 24 16 16 16 17 17 17 21 16 16 17 17 1 1 1 1 24 16 16 17 17 53 49 17 16 16 17 17 1 1 1 1 24 16 16 49 17 113 16 16 16 16 16 16 1 1 1 1 24 16 16 49 65 117 117 17 16 16 16 16 1 1 1 1 16 16 17 17 65 65 119 63 319 62 382 62 1 1 1 1 16 16 17 1 65 65 119 23 31 318 382 54 1 1 817 30 Star Wars
1 1 16 16 16 16 16 16 16 20 20 573 1023 20 1 1 1 1 16 16 16 16 16 16 21 21 20 61 1023 503 1 1 1 1 25 17 17 17 16 17 21 21 17 17 959 17 1 1 1 1 16 16 16 16 16 17 17 21 16 16 17 16 1 1 1 1 16 16 16 17 16 53 53 16 16 16 16 16 1 1 1 1 16 16 16 49 49 113 16 16 16 16 16 16 1 1 1 1 16 16 16 49 65 117 117 16 16 16 16 16 1 1 1 1 24 16 16 17 65 65 119 63 374 62 382 62 1 1 1 1 16 16 17 17 65 65 119 23 63 382 510 54 1 1 818 30 Star Wars
1 1 16 16 16 16 16 16 16 20 21 573 1023 16 1 1 1 1 16 16 16 16 16 16 21 21 20 29 1023 247 1 1 1 1 25 17 17 17 16 17 21 21 16 21 959 17 1 1 1 1 16 16 16 16 16 17 17 17 16 16 17 16 1 1 1 1 16 16 16 17 17 53 53 16 16 16 16 16 1 1 1 1 16 16 16 17 81 117 16 16 16 16 16 16 1 1 1 1 16 16 16 17 65 101 117 16 16 16 16 16 1 1 1 1 16 16 16 17 65 65 119 55 310 62 382 62 1 1 1 1 16 16 17 17 65 65 119 23 63 318 510 54 1 1 819 30 Star Wars
1 1 16 16 16 16 16 16 16 20 53 573 1023 16 1 1 1 1 16 16 16 16 16 16 21 21 16 61 1023 119 1 1 1 1 25 17 17 17 16 17 21 21 16 17 959 17 1 1 1 1 16 16 16 16 17 17 17 17 16 16 17 16 1 1 1 1 16 16 16 17 17 53 53 17 16 16 16 17 1 1 1 1 16 16 16 49 113 117 16 16 16 16 16 16 1 1 1 1 16 16 16 49 65 101 117 17 16 16 16 16 1 1 1 1 16 16 16 49 65 69 119 55 310 54 310 62 1 1 1 1 16 16 49 33 65 65 119 23 54 318 374 54 1 1 820 30 Star Wars
1 1 16 16 16 16 16 16 16 20 49 573 1023 16 1 1 1 1 16 16 16 16 16 16 21 21 16 29 1023 119 1 1 1 1 25 17 17 17 16 17 21 21 16 21 383 17 1 1 1 1 16 16 16 16 17 17 17 21 16 16 17 16 1 1 1 1 16 16 16 17 17 53 53 16 16 16 16 16 1 1 1 1 16 16 16 17 113 117 16 16 16 16 16 16 1 1 1 1 16 16 16 49 69 117 117 16 16 16 16 16 1 1 1 1 16 16 17 49 65 65 119 62 374 118 310 62 1 1 1 1 16 16 49 1 65 65 119 23 126 382 894 62 1 1 821 30 Star Wars
1 1 16 16 16 16 16 16 16 20 49 573 1023 16 1 1 1 1 16 16 16 16 16 16 21 21 16 29 1023 127 1 1 1 1 25 17 17 17 16 17 21 21 16 21 927 16 1 1 1 1 16 16 16 16 17 17 21 17 16 17 16 16 1 1 1 1 16 16 16 17 17 117 53 16 16 16 16 16 1 1 1 1 24 16 16 17 113 117 16 16 16 16 16 16 1 1 1 1 24 16 16 17 65 117 48 16 16 16 16 16 1 1 1 1 16 16 49 1 65 97 119 22 374 118 54 62 1 1 1 1 24 16 49 1 65 65 119 23 126 382 1022 62 1 1 822 30 Star Wars
1 1 24 16 16 16 16 16 16 20 49 573 991 16 1 1 1 1 24 16 16 16 16 16 21 20 16 61 1023 127 1 1 1 1 25 17 17 17 16 17 21 21 16 21 799 16 1 1 1 1 16 16 16 16 17 17 21 16 16 17 16 16 1 1 1 1 16 16 16 17 17 117 53 16 16 16 16 16 1 1 1 1 24 16 16 17 117 117 16 16 16 16 16 16 1 1 1 1 24 16 17 17 69 117 48 16 16 16 16 16 1 1 1 1 16 16 17 1 65 97 119 22 310 54 310 62 1 1 1 1 24 16 17 65 65 65 119 54 62 382 894 62 1 1 823 30 Star Wars
1 1 24 16 16 16 16 16 20 52 49 573 1023 16 1 1 1 1 24 16 16 16 16 21 21 20 16 61 1023 127 1 1 1 1 25 17 17 17 16 21 21 17 16 21 319 16 1 1 1 1 24 16 16 16 17 17 17 16 16 17 17 16 1 1 1 1 24 16 16 17 17 117 53 16 16 17 17 17 1 1 1 1 24 16 16 17 117 117 16 16 16 16 16 16 1 1 1 1 24 16 17 17 69 117 16 16 16 16 16 16 1 1 1 1 24 16 49 65 65 117 119 118 310 182 54 62 1 1 1 1 24 16 17 65 65 65 119 19 374 318 894 310 1 1 824 30 Star Wars
1 1 24 16 16 16 16 16 20 20 49 541 1023 16 1 1 1 1 24 16 16 16 16 21 21 20 16 29 1023 119 1 1 1 1 25 17 17 17 16 21 21 21 16 21 511 16 1 1 1 1 24 16 16 16 17 17 17 16 16 17 16 16 1 1 1 1 24 16 16 17 16 53 53 16 16 16 16 16 1 1 1 1 24 16 16 17 117 117 16 16 16 16 16 16 1 1 1 1 24 16 49 81 65 117 16 16 16 16 16 16 1 1 1 1 24 16 49 65 65 117 118 54 310 310 382 62 1 1 1 1 24 16 17 1 65 97 55 22 126 382 374 54 1 1 825 30 Star Wars
1 1 24 16 16 16 16 16 20 20 49 541 1023 16 1 1 1 1 24 16 16 16 16 21 21 20 16 61 1023 127 1 1 1 1 25 17 17 16 16 21 21 17 16 21 799 16 1 1 1 1 24 16 16 16 17 17 17 16 16 17 16 16 1 1 1 1 24 16 16 17 17 117 53 16 16 16 16 16 1 1 1 1 24 16 17 17 113 113 16 16 16 16 16 16 1 1 1 1 24 16 17 65 65 117 16 16 16 16 16 16 1 1 1 1 24 16 17 65 65 117 54 54 310 54 310 62 1 1 1 1 24 16 17 1 65 113 23 22 126 382 374 62 1 1 826 30 Star Wars
1 1 24 16 16 16 16 16 20 53 49 573 1023 16 1 1 1 1 24 16 16 16 16 21 21 20 16 29 1023 119 1 1 1 1 25 17 17 16 16 21 21 16 17 21 319 16 1 1 1 1 24 16 16 16 17 17 17 16 16 17 16 16 1 1 1 1 24 16 16 17 49 117 21 16 16 16 17 17 1 1 1 1 24 16 17 17 117 113 16 16 16 16 16 16 1 1 1 1 24 16 17 65 65 117 16 16 16 16 16 16 1 1 1 1 24 16 17 65 69 117 55 62 118 118 438 566 1 1 1 1 24 16 17 65 65 113 23 51 382 382 374 54 1 1 827 30 Star Wars
1 1 24 16 16 16 16 16 20 53 53 541 1023 16 1 1 1 1 24 16 16 16 16 21 21 16 16 61 1023 119 1 1 1 1 25 17 17 16 17 21 21 16 17 21 831 16 1 1 1 1 24 16 16 17 17 17 17 16 16 17 16 16 1 1 1 1 24 16 16 17 49 117 16 16 16 16 16 16 1 1 1 1 24 16 17 113 113 117 16 16 16 16 16 16 1 1 1 1 24 16 49 65 65 117 16 16 16 16 16 16 1 1 1 1 24 16 17 65 65 117 126 54 310 306 446 574 1 1 1 1 24 16 17 65 65 113 23 51 374 318 1022 54 1 1 828 30 Star Wars
1 1 24 16 16 16 16 16 20 21 17 541 1023 16 1 1 1 1 24 16 16 16 16 21 21 16 20 61 1023 127 1 1 1 1 25 17 17 16 17 21 21 16 21 21 479 16 1 1 1 1 24 16 16 16 17 17 17 16 16 17 16 16 1 1 1 1 24 16 16 16 49 53 16 16 16 16 16 16 1 1 1 1 24 16 17 81 117 48 16 16 16 16 16 16 1 1 1 1 24 16 17 65 69 117 16 16 16 16 16 16 1 1 1 1 16 16 17 65 65 117 54 54 310 118 382 542 1 1 1 1 24 16 17 65 65 113 23 51 126 318 894 54 1 1 829 30 Star Wars
1 1 24 16 16 16 16 16 20 21 53 541 1023 16 1 1 1 1 24 16 16 16 16 21 21 16 16 29 1023 119 1 1 1 1 24 17 17 16 17 21 21 16 21 21 863 16 1 1 1 1 24 16 16 16 17 17 17 16 16 17 16 16 1 1 1 1 24 16 16 16 49 49 16 16 16 16 16 16 1 1 1 1 16 16 17 81 113 16 16 16 16 16 16 16 1 1 1 1 24 16 17 65 101 52 16 16 16 16 16 16 1 1 1 1 16 16 17 65 65 117 62 54 54 374 382 534 1 1 1 1 16 16 17 65 65 113 23 18 374 318 502 54 1 1 830 30 Star Wars
1 1 24 16 16 16 16 16 20 49 53 573 1023 16 1 1 1 1 24 16 16 16 17 21 21 16 17 61 1023 119 1 1 1 1 25 17 17 16 17 21 21 16 21 21 991 16 1 1 1 1 24 16 16 17 17 17 17 16 17 17 16 16 1 1 1 1 24 16 17 17 117 53 16 16 17 17 17 16 1 1 1 1 24 16 17 17 117 16 16 16 16 16 16 16 1 1 1 1 24 16 17 65 113 48 16 16 16 16 16 16 1 1 1 1 16 16 17 65 97 117 55 62 318 118 382 542 1 1 1 1 24 16 81 65 65 113 23 18 118 382 894 22 1 1 831 30 Star Wars
1 1 24 16 16 16 16 16 20 17 53 541 1023 16 1 1 1 1 24 16 16 16 17 21 20 16 20 61 1023 119 1 1 1 1 24 16 16 16 17 21 21 16 21 21 991 16 1 1 1 1 24 16 16 16 17 17 17 16 16 17 16 16 1 1 1 1 24 16 17 17 53 17 16 16 16 16 16 16 1 1 1 1 24 16 17 49 117 16 16 16 16 16 16 16 1 1 1 1 24 16 81 65 113 16 16 16 16 16 16 16 1 1 1 1 24 16 17 65 117 117 54 62 382 126 126 542 1 1 1 1 24 16 17 65 65 113 23 50 118 318 894 54 1 1 832 30 Star Wars
1 1 25 16 16 16 117 112 16 16 16 541 1023 16 1 1 1 1 24 16 16 16 16 52 20 16 16 541 1023 119 1 1 1 1 24 16 16 20 17 17 16 16 16 17 991 16 1 1 1 1 16 16 21 21 16 17 17 21 16 16 16 16 1 1 1 1 16 16 21 21 17 17 17 17 16 16 16 16 1 1 1 1 24 16 20 17 49 49 17 16 16 16 16 16 1 1 1 1 24 16 16 17 49 113 113 17 16 16 16 16 1 1 1 1 24 16 16 53 113 97 127 62 310 62 446 55 1 1 1 1 24 16 16 117 113 117 119 22 318 382 310 55 1 1 897 30 Star Wars
1 1 24 16 16 16 48 48 16 16 16 541 1023 16 1 1 1 1 24 16 16 16 16 16 16 16 16 541 1023 119 1 1 1 1 24 16 16 16 20 16 20 16 16 17 991 16 1 1 1 1 24 16 21 20 16 16 17 16 16 16 16 16 1 1 1 1 24 16 21 21 17 17 17 16 16 16 16 16 1 1 1 1 24 16 16 17 49 49 17 16 16 16 16 16 1 1 1 1 24 16 16 16 49 113 113 16 16 16 16 16 1 1 1 1 16 16 16 53 49 97 119 62 310 54 182 54 1 1 1 1 24 16 16 113 113 113 119 86 318 446 63 22 1 1 898 30 Star Wars
1 1 24 16 16 16 48 48 16 16 16 541 1023 16 1 1 1 1 24 16 16 20 16 16 16 16 16 541 1023 119 1 1 1 1 24 16 16 20 16 16 16 16 16 17 991 16 1 1 1 1 24 16 21 21 16 17 17 16 16 16 16 16 1 1 1 1 24 16 21 20 17 17 17 16 16 16 16 16 1 1 1 1 24 16 20 16 49 49 16 16 16 16 16 16 1 1 1 1 24 16 16 17 49 113 117 16 16 16 16 16 1 1 1 1 16 16 16 117 49 97 119 62 54 54 54 54 1 1 1 1 24 16 16 113 49 113 119 22 62 318 55 54 1 1 899 30 Star Wars
1 1 24 16 16 52 49 16 16 16 16 541 1023 16 1 1 1 1 24 16 20 20 16 20 16 16 16 541 1023 55 1 1 1 1 24 16 21 20 16 16 16 16 16 17 991 16 1 1 1 1 24 17 21 21 16 17 17 16 16 16 16 16 1 1 1 1 24 20 21 17 17 17 17 16 16 16 16 16 1 1 1 1 24 20 16 17 49 49 17 16 16 16 16 16 1 1 1 1 24 16 16 49 49 113 117 16 16 16 16 16 1 1 1 1 24 16 16 117 49 97 119 62 30 54 55 54 1 1 1 1 16 16 16 117 49 113 119 22 318 126 119 54 1 1 900 30 Star Wars
1 1 24 16 16 16 16 16 16 16 16 541 1023 16 1 1 1 1 24 16 16 16 17 16 16 16 16 541 1023 119 1 1 1 1 24 16 20 20 16 16 16 16 16 17 863 16 1 1 1 1 24 20 21 16 16 21 17 16 16 16 16 16 1 1 1 1 24 20 21 16 49 17 17 16 16 16 16 16 1 1 1 1 16 20 16 17 49 49 16 16 16 16 16 16 1 1 1 1 24 16 16 17 17 113 117 16 16 16 16 16 1 1 1 1 24 16 16 117 17 97 119 62 310 54 54 54 1 1 1 1 24 16 16 113 49 117 119 22 62 246 55 54 1 1 901 30 Star Wars
